1.1898458
1.0973732
1.0114374
0.93234175
0.8601341
0.79474604
0.7362201
0.6849436
0.64177835
0.6080103
0.58511347
0.5744171
0.57679015
0.59244144
0.62087935
0.66101575
0.7113723
0.77030814
0.8361948
0.9075107
0.98287374
1.1719879
1.0771546
0.9875974
0.904699
0.829684
0.76343066
0.706411
0.65880454
0.62074053
0.59254843
0.574878
0.56859624
0.57452184
0.5931056
0.62421215
0.6670626
0.7203552
0.7824791
0.85173804
0.9265011
1.0052752
1.154925
1.0669305
0.9828133
0.9034894
0.8302241
0.76441073
0.7073051
0.65982175
0.6225161
0.59574884
0.57991636
0.5755763
0.5833712
0.6037795
0.63684237
0.681998
0.7381017
0.8035956
0.87672555
0.9557223
1.0388935
1.1372758
1.0626812
0.98999405
0.9187984
0.84961236
0.78389686
0.7237659
0.6715209
0.62919146
0.5982797
0.579768
0.5742957
0.58230704
0.60404915
0.6394286
0.68785197
0.7481728
0.8187859
0.8978031
0.9832081
1.0729489
1.1158453
1.0541534
0.9922135
0.9286145
0.86314106
0.79701257
0.7327753
0.67384154
0.62379336
0.5857107
0.56177235
0.5532275
0.56060445
0.5839414
0.6228676
0.6765562
0.74365896
0.8223315
0.9103527
1.0052484
1.1043708
1.0801125
1.0268415
0.9720415
0.91397566
0.85199934
0.7868927
0.7209731
0.6578676
0.60193175
0.55745673
0.5279436
0.5157218
0.5219732
0.54697585
0.5903316
0.6510304
0.72741145
0.81715393
0.9173711
1.0247561
1.1357033
1.0253588
0.977272
0.927316
0.8738348
0.81606716
0.75442564
0.6906807
0.62795806
0.57046205
0.5228826
0.48964423
0.47426412
0.47905794
0.50517756
0.5527596
0.6209742
0.7079456
0.8106963
0.92526203
1.0469692
1.1707567
0.96215576
0.9179052
0.8717665
0.8223769
0.76914686
0.71241283
0.65354675
0.5950119
0.5403109
0.49373248
0.45986795
0.44300067
0.44661155
0.47312197
0.5237831
0.59849966
0.6955343
0.8112734
0.94033855
1.0761154
1.211528
0.90868556
0.86719316
0.82387733
0.7777327
0.7284837
0.6766457
0.6235148
0.5711363
0.522278
0.48039305
0.44948438
0.4338121
0.4374947
0.46410823
0.5162843
0.59516937
0.69970095
0.82594836
0.9670346
1.113975
1.2572231
0.8805454
0.8407611
0.7993174
0.75551605
0.709394
0.6617468
0.61403954
0.5682455
0.52669907
0.4920519
0.46731445
0.4559283
0.46174073
0.48880148
0.54088825
0.6206328
0.72820616
0.8599241
1.0076685
1.1599948
1.3047743
0.88831383
0.84983706
0.8098883
0.76802915
0.7245648
0.68057275
0.6377758
0.5982938
0.56436604
0.53814846
0.5217004
0.517202
0.52733314
0.555582
0.60612476
0.6828715
0.78753424
0.91725767
1.0632902
1.212283
1.3500869
0.93817043
0.9017008
0.8638817
0.8245051
0.7841086
0.744002
0.7061314
0.6728093
0.6463464
0.6287054
0.6213068
0.62513727
0.64127463
0.6716866
0.71975464
0.7896857
0.8843322
1.0020686
1.1347328
1.2687498
1.3894118
1.0310556
0.99845994
0.96461815
0.9294913
0.8937746
0.8589149
0.8269939
0.8004535
0.781713
0.77273625
0.7746617
0.7876715
0.8112977
0.8452731
0.89058
0.9497913
1.0257317
1.1185496
1.2229484
1.3280252
1.4206053
1.1633985
1.1369845
1.109703
1.0815767
1.0533403
1.0264727
1.0031011
0.98574823
0.9769332
0.9786588
0.9918533
1.0159141
1.0486228
1.0867413
1.127434
1.169956
1.2162477
1.2691808
1.3289963
1.3906025
1.4444636
1.3356253
1.3172266
1.2990716
1.2811881
1.2642895
1.2498107
1.2398235
1.236762
1.2429467
1.259922
1.2876877
1.3240513
1.3644218
1.4024528
1.4317896
1.4486786
1.4542134
1.4542029
1.4555407
1.4609812
1.4665699
1.5607219
1.5524936
1.5464154
1.5425481
1.5415276
1.5445768
1.5533812
1.5697471
1.5950409
1.6294338
1.6711197
1.7157959
1.7567123
1.7855477
1.7941809
1.7772961
1.7352353
1.675431
1.6101605
1.5503272
1.4993017
1.8530143
1.8584478
1.8680466
1.8818135
1.9001293
1.9237195
1.9534847
1.9901328
2.0336056
2.0823796
2.1328173
2.1788576
2.2123291
2.2239993
2.205276
2.1504583
2.059355
1.9395045
1.8058839
1.6759076
1.5611702
2.2166278
2.2394805
2.2679029
2.301688
2.3408055
2.3853467
2.4353197
2.4902773
2.548768
2.607697
2.6618068
2.7035694
2.7237666
2.7127845
2.6623685
2.5674963
2.4282644
2.2517855
2.0531516
1.8530264
1.670199
2.6590328
2.7019494
2.750977
2.805612
2.8653667
2.929683
2.9976876
3.0678058
3.1372104
3.2012691
3.253181
3.2841666
3.2844067
3.2446043
3.1577246
3.020396
2.8339067
2.6052434
2.348259
2.0835166
1.8338401
3.191204
3.2540088
3.3225126
3.3958907
3.4731865
3.553163
3.6340365
3.7130551
3.7860072
3.8468015
3.8873906
3.8983393
3.8700998
3.7946782
3.6670706
3.486031
3.254278
2.9788332
2.672042
2.3525968
2.0439184
3.804779
3.8830762
3.9658556
4.0519743
4.139988
4.227954
4.3131237
4.3915744
4.4578204
4.504648
4.523393
4.5048656
4.4408035
4.3253484
4.155934
3.9333389
3.6613238
3.3465967
2.9998384
2.6373942
2.281435
1.2632818
1.1713861
1.0857756
1.0060683
0.93171203
0.8622629
0.7977201
0.7387907
0.68692726
0.6440797
0.61224556
0.59300077
0.58717513
0.5947661
0.61504596
0.6468003
0.68859226
0.738964
0.79653776
0.8600356
0.92826766
1.2413232
1.1462537
1.0548047
0.96804816
0.8871481
0.8131871
0.7470843
0.68962437
0.6415815
0.60382944
0.5773377
0.5630114
0.56145275
0.57275647
0.59644157
0.63152736
0.6767196
0.73060197
0.79177564
0.8589215
0.9308148
1.2140166
1.1222144
1.0322943
0.9454457
0.86338794
0.7880958
0.72143465
0.6648523
0.61927
0.5852052
0.56300133
0.5529799
0.5554093
0.57033706
0.59742546
0.6358987
0.68463355
0.74231595
0.8075784
0.8790699
0.9554657
1.1746839
1.093881
1.0142772
0.93579155
0.85923785
0.7863605
0.7195563
0.6613565
0.6139008
0.578636
0.5563418
0.5473453
0.5517138
0.5692982
0.5996575
0.6419982
0.69520235
0.75794554
0.8287957
0.9062511
0.9887095
1.129835
1.0642742
0.9988276
0.9318961
0.8630075
0.7932113
0.7250764
0.6622155
0.60846186
0.56704783
0.5401189
0.52870977
0.5330197
0.5527015
0.58701515
0.63487583
0.6948866
0.76543057
0.8447452
0.93091816
1.0218012
1.0831716
1.0303589
0.9760551
0.917945
0.8548583
0.78729355
0.717654
0.6500171
0.58937675
0.5405784
0.50737673
0.49200416
0.49528396
0.5170157
0.556308
0.6117366
0.68142074
0.7631124
0.8543099
0.9522727
1.0539454
1.0291015
0.9836392
0.9355993
0.8826913
0.82364416
0.75865716
0.68972075
0.6206302
0.55653524
0.50302917
0.4650667
0.44618124
0.44828665
0.47191507
0.5165293
0.58067364
0.6619999
0.75736225
0.86302423
0.97485507
1.088402
0.96698976
0.9254115
0.88084644
0.83132464
0.77581245
0.7145002
0.64903533
0.5826145
0.5198106
0.466019
0.42659792
0.40602487
0.40742767
0.43253797
0.4817785
0.5541882
0.64723796
0.7567982
0.8774618
1.0030752
1.1272373
0.90953064
0.87013847
0.82762176
0.7804499
0.72800875
0.67074776
0.6102573
0.5492704
0.49156526
0.44171333
0.4046236
0.38497686
0.3867486
0.4129258
0.46526325
0.54383665
0.6464228
0.7681132
0.9016015
1.0381709
1.1690156
0.87380785
0.83518416
0.79348385
0.74763423
0.6974727
0.64382887
0.58847696
0.53398126
0.48350164
0.44061702
0.40919122
0.39325204
0.39682707
0.4237034
0.47695857
0.55809927
0.665821
0.79491824
0.9362304
1.0781893
1.2094448
0.8728553
0.83415616
0.7925745
0.74744475
0.6990095
0.64847296
0.59788865
0.54988
0.5072847
0.47287092
0.44927666
0.4392101
0.4457912
0.47275394
0.52411884
0.6030071
0.70958614
0.83890426
0.9802698
1.11951
1.2432219
0.9146667
0.8764465
0.8355167
0.7915655
0.74517643
0.69786835
0.6519489
0.6101688
0.5752419
0.5494056
0.5342325
0.5308961
0.5409164
0.56704384
0.6134811
0.684613
0.7821403
0.9018394
1.0324554
1.1585486
1.2659247
1.0017446
0.9661685
0.9279823
0.8871392
0.8444612
0.8016673
0.7612101
0.72591007
0.6984266
0.68070453
0.6736141
0.67705935
0.69077027
0.7156016
0.75446653
0.8116196
0.88980347
0.9865557
1.0924324
1.193305
1.2757021
1.1310058
1.1009341
1.0685742
1.0339893
0.99808085
0.9626154
0.93006665
0.90326756
0.88485634
0.87662834
0.87896556
0.89061654
0.90916026
0.93234605
0.9598628
0.9942236
1.0392966
1.0966214
1.1619645
1.2253087
1.2749423
1.301759
1.2794936
1.2560366
1.2314785
1.2067107
1.1834466
1.1640807
1.1513048
1.1474744
1.1537752
1.1694095
1.1911253
1.2135521
1.2307359
1.2387855
1.2384694
1.2355653
1.2374723
1.2476367
1.2621859
1.271909
1.5270678
1.5153873
1.5046202
1.4949286
1.4871458
1.4827616
1.4837179
1.4919363
1.5085621
1.5330355
1.5622867
1.5904634
1.609573
1.6112769
1.5897309
1.544795
1.4838008
1.4194258
1.3632414
1.3189875
1.2812839
1.8262177
1.8301086
1.8373215
1.8479784
1.8626133
1.8820834
1.9072976
1.9387037
1.975539
2.0150309
2.0518441
2.0781589
2.0846272
2.0621872
2.004576
1.9112144
1.7896318
1.655249
1.526219
1.414745
1.3214797
2.2109587
2.2357316
2.2654529
2.2999408
2.339146
2.3830183
2.4312098
2.482564
2.5344546
2.5821624
2.6185908
2.6346698
2.6205995
2.567706
2.4705038
2.3287709
2.1495614
1.9482899
1.7463366
1.563325
1.407914
2.691189
2.7393186
2.7927318
2.8507972
2.9127953
2.9777343
3.0440216
3.1089723
3.1682415
3.2154071
3.242032
3.2384677
3.1953804
3.105542
2.9653323
2.7758274
2.5439029
2.2835402
2.0158052
1.7643024
1.5454463
3.2690568
3.3384566
3.4122665
3.489371
3.5683377
3.6471975
3.7230911
3.7918494
3.8475926
3.882643
3.887993
3.8544593
3.7742665
3.6424694
3.4577415
3.2226236
2.9439588
2.6341195
2.3121715
2.0021513
1.7254983
3.920802
4.004997
4.091904
4.179876
4.2667017
4.3493786
4.4238095
4.484533
4.524613
4.5359025
4.5098567
4.438799
4.317263
4.1428294
3.9162238
3.6409786
3.3235426
2.9745448
2.6107152
2.254866
1.9305959
1.3533076
1.2599506
1.1738497
1.0938504
1.0185966
0.9469632
0.8785458
0.81403357
0.7552121
0.7045537
0.66453755
0.63701165
0.62283945
0.62189984
0.633344
0.6559414
0.688376
0.7294088
0.77790946
0.8328189
0.89311147
1.3273271
1.233013
1.1417994
1.0540085
0.97027093
0.8914
0.8183547
0.7522785
0.6945422
0.6466874
0.610213
0.5862695
0.5753986
0.57744974
0.5916826
0.6169948
0.6521606
0.6959889
0.747378
0.8053003
0.8687745
1.2970799
1.2057068
1.1140269
1.0227863
0.9337122
0.84918845
0.771784
0.7037787
0.6468696
0.6021429
0.5702121
0.5513456
0.54549557
0.552257
0.5708803
0.6003661
0.6396253
0.6875999
0.74330604
0.8057967
0.8741081
1.2473925
1.1634394
1.0782179
0.9917698
0.9053732
0.8214922
0.74338084
0.674383
0.6172171
0.573567
0.5441122
0.52882177
0.52725047
0.53869236
0.56223613
0.59683293
0.64140475
0.69494134
0.7565031
0.8251174
0.8996475
1.1793835
1.1084269
1.0365833
0.96239346
0.8855847
0.8074945
0.73110867
0.6605282
0.59999174
0.55288666
0.5212083
0.5056041
0.5057559
0.52077633
0.5494547
0.59041584
0.64225984
0.7036791
0.7734508
0.8502688
0.9325058
1.1081249
1.0525253
0.9955418
0.93443054
0.8676188
0.7953708
0.720183
0.6465769
0.5801679
0.5262985
0.48887107
0.46989095
0.4697126
0.48757017
0.52202123
0.57121086
0.6330773
0.70554215
0.7865923
0.8741324
0.9656861
1.0427319
0.9983889
0.95129544
0.898359
0.8376599
0.7690506
0.69464105
0.6188716
0.5478814
0.4882027
0.44529602
0.42263767
0.4216629
0.4422246
0.48305672
0.54202026
0.6162809
0.70258754
0.79756886
0.89777786
0.99946475
0.9795804
0.940296
0.89734197
0.84789807
0.79031295
0.72450894
0.65234846
0.5777971
0.50661033
0.44539142
0.40027407
0.37584212
0.37475976
0.39798293
0.44501302
0.51390475
0.60123503
0.70238453
0.8121095
0.9249884
1.0355165
0.9193691
0.8814781
0.8396116
0.79142797
0.73579603
0.67299914
0.6048969
0.5349773
0.46816412
0.4102629
0.36709967
0.34365854
0.34360406
0.36918485
0.42112368
0.49821693
0.59687996
0.7112186
0.8337892
0.9566257
1.0720814
0.87520844
0.83688205
0.79451185
0.74635404
0.6919038
0.6319771
0.5686741
0.50522697
0.44572845
0.39478382
0.35712674
0.33727083
0.3392444
0.36634722
0.42068592
0.5022932
0.6080652
0.73123556
0.8620525
0.98960406
1.1040318
0.86269206
0.822797
0.7789344
0.7299882
0.67608005
0.6185724
0.5599108
0.5032776
0.45214885
0.4099357
0.37987393
0.365194
0.3693827
0.3961938
0.44907242
0.52977973
0.63641185
0.7618067
0.89394337
1.018999
1.1254233
0.8924417
0.8512962
0.8062878
0.7568663
0.70368934
0.64858216
0.5942982
0.54404706
0.50089264
0.46726856
0.44488513
0.43522108
0.4404286
0.46404746
0.5106723
0.58401513
0.6836941
0.80248004
0.926675
1.0405589
1.1320227
0.96870184
0.9286848
0.8848314
0.8370159
0.7862728
0.7347161
0.68526006
0.6410801
0.6049314
0.5785376
0.5623916
0.5563104
0.56077087
0.57835555
0.6139262
0.67244357
0.7549452
0.85513026
0.95964664
1.0529255
1.1232984
1.0895098
1.0540656
1.0150126
0.9724238
0.92747504
0.88234156
0.83990693
0.8032288
0.77481693
0.75592625
0.74616975
0.7438411
0.7472149
0.75648195
0.7749673
0.8079559
0.8588665
0.92502797
0.99653804
1.0598735
1.1039081
1.2544682
1.2265514
1.1960955
1.1632421
1.1291549
1.0959119
1.0662229
1.0428637
1.0278572
1.0215883
1.0221561
1.0254557
1.0264717
1.0218447
1.012648
1.0050409
1.0070115
1.022548
1.0476681
1.0719173
1.0842946
1.4786607
1.4620795
1.445243
1.4284056
1.4126475
1.3997369
1.3917589
1.3904551
1.396284
1.4074531
1.4193457
1.424852
1.4160128
1.3869824
1.3375834
1.275363
1.2134497
1.163746
1.1298066
1.1053485
1.0795953
1.7885126
1.7901256
1.7941844
1.8008827
1.8108761
1.8250568
1.844108
1.8678168
1.8942126
1.9188464
1.9346234
1.9325508
1.9035374
1.8410835
1.7444892
1.6215646
1.4884235
1.3638833
1.260216
1.1773957
1.1061296
2.2027793
2.2290654
2.259363
2.29341
2.3310223
2.371817
2.4147708
2.457601
2.4961233
2.523858
2.532273
2.5118625
2.4539506
2.3528416
2.208085
2.0267856
1.8249214
1.6248074
1.4466577
1.2988101
1.1758649
2.727516
2.77972
2.8357444
2.8946755
2.9553602
3.0161095
3.0742722
3.125736
3.164535
3.1828427
3.1716454
3.1220891
3.0271556
2.8831444
2.6908615
2.4569678
2.1956406
1.9287176
1.6806535
1.4678807
1.2911973
3.3503008
3.4239545
3.4998631
3.5763652
3.6512697
3.721556
3.7830439
3.8301077
3.8556192
3.8513546
3.8089764
3.7213826
3.5839698
3.3953772
3.1578298
2.8778272
2.5677183
2.247116
1.9408764
1.6705581
1.4435358
4.033143
4.1200128
4.206705
4.290697
4.3686852
4.4363723
4.488353
4.5181026
4.5182595
4.48129
4.4005027
4.27112
4.090991
3.8607264
3.5835006
3.2653768
2.9169095
2.555331
2.2042668
1.8874725
1.6174724
1.4585203
1.36144
1.2725478
1.1908226
1.1144086
1.0413849
0.97062564
0.9024301
0.8385978
0.78188777
0.7351138
0.70033395
0.6784636
0.66935724
0.67217916
0.6858178
0.7091681
0.7412351
0.7811042
0.8278746
0.8806189
1.4290535
1.3331709
1.2411183
1.1526501
1.067704
0.98644704
0.9093935
0.8375572
0.77253234
0.7163219
0.67090255
0.6377206
0.6173746
0.6096165
0.61361015
0.6282802
0.6525684
0.68554366
0.726378
0.77427715
0.82844913
1.3961905
1.3058641
1.2148956
1.122827
1.0306168
0.9403907
0.85492134
0.77704424
0.70919853
0.65320176
0.6101978
0.5806612
0.5644238
0.56077594
0.5686715
0.58698785
0.6147359
0.65113086
0.6955387
0.7473637
0.80596524
1.3448547
1.2615372
1.1751763
1.0846252
0.9907808
0.89647835
0.8059147
0.7236354
0.65345746
0.597794
0.5575821
0.53262544
0.5220205
0.5244841
0.5386097
0.56309265
0.59691155
0.63938
0.69002783
0.7483863
0.8137805
1.2664577
1.1919689
1.1148034
1.0328482
0.94586396
0.8557803
0.7665735
0.68347555
0.6116518
0.55494314
0.5152683
0.49280754
0.4865771
0.49499673
0.51628125
0.5487348
0.5909849
0.64208174
0.701368
0.7681437
0.84130174
1.170265
1.1084594
1.0452803
0.97732
0.902704
0.8217285
0.7372771
0.6545567
0.5799233
0.51918155
0.47622496
0.4526409
0.44815016
0.46130246
0.4900308
0.53203785
0.5851356
0.6475009
0.7176763
0.79422283
0.8752299
1.0791179
1.0307758
0.9809796
0.9253915
0.86116433
0.78761363
0.7068344
0.6238253
0.54565406
0.47971353
0.4318558
0.4053887
0.4011932
0.41839424
0.4549385
0.50795096
0.5741135
0.65015364
0.7331794
0.8205114
0.9091507
1.0047556
0.9641513
0.9210664
0.8711386
0.8115901
0.74170387
0.66332203
0.58107036
0.5018783
0.4335822
0.3830798
0.35501805
0.3515604
0.37283406
0.41730377
0.48187256
0.56211346
0.6529799
0.74962324
0.8476125
0.94253325
0.94202495
0.9023856
0.859725
0.8101923
0.75161254
0.6837401
0.6084879
0.53001904
0.4544363
0.3888609
0.34006405
0.31329846
0.31184575
0.33710435
0.38855582
0.46340206
0.5564591
0.66091996
0.76963365
0.87590927
0.97363436
0.89118546
0.8492439
0.80415803
0.7528161
0.6938664
0.62778
0.5567939
0.48472834
0.4166252
0.35817933
0.31504244
0.2921895
0.29353806
0.3217016
0.37748075
0.45897007
0.56090736
0.67508876
0.79186314
0.9018445
0.99724483
0.8655561
0.82032007
0.7717943
0.71777475
0.6578431
0.59328693
0.5268049
0.4620412
0.40305182
0.35388735
0.31844315
0.30053657
0.30396602
0.33223692
0.38770923
0.47012514
0.5750145
0.6931623
0.81220275
0.9199325
1.00746
0.8792338
0.8311449
0.77954566
0.72313637
0.6623688
0.59925246
0.5368997
0.47884735
0.42834032
0.38790026
0.3594534
0.34504592
0.34767187
0.37148067
0.42074922
0.49749008
0.5984163
0.7133362
0.8273371
0.92616504
1.0008645
0.9390481
0.8906685
0.83851534
0.7819832
0.7221358
0.6614355
0.60318565
0.55074126
0.50668013
0.47229362
0.44779482
0.43345872
0.43126753
0.4458163
0.4831211
0.5471373
0.63552576
0.7376745
0.837642
0.92072165
0.9786062
1.0446794
1.0000005
0.951545
0.899061
0.8438519
0.78845793
0.7360714
0.68972844
0.65145075
0.62166417
0.59933525
0.5831712
0.57367885
0.5747793
0.59304315
0.6339618
0.6971186
0.77375245
0.849293
0.90977204
0.9472789
1.1978288
1.1606643
1.120665
1.0777014
1.0330535
0.9890626
0.94856006
0.91404617
0.8867605
0.8659468
0.8487818
0.831478
0.8117134
0.7914104
0.77747834
0.7785742
0.79915154
0.83513623
0.8749485
0.905484
0.91838104
1.4187931
1.3944219
1.3695067
1.3440481
1.3191574
1.2966616
1.2784741
1.2656882
1.2575657
1.2507887
1.2395254
1.2168255
1.1775438
1.1220572
1.0584961
1.000426
0.9596777
0.93908143
0.9311017
0.92337084
0.90622824
1.7433568
1.740654
1.740038
1.7413808
1.74516
1.7519727
1.7618678
1.7734878
1.7832671
1.7850692
1.7707249
1.731673
1.6617048
1.5604526
1.43641
1.3066311
1.1904092
1.0993896
1.0320739
0.97756773
0.92444986
2.1939874
2.2197442
2.2485633
2.2796755
2.3123953
2.3456318
2.3773038
2.4037101
2.4191082
2.4158154
2.3851032
2.3188
2.21138
2.062404
1.879275
1.6789064
1.4847586
1.3171978
1.1832374
1.0756162
0.9816858
2.7651248
2.8182604
2.8732567
2.9284534
2.981864
3.03075
3.0712006
3.0977829
3.103536
3.0804868
3.0207584
2.9179657
2.768559
2.5730975
2.3380263
2.0779362
1.8158262
1.5770074
1.3771039
1.2148879
1.0781901
3.42702
3.5004954
3.5731456
3.6422632
3.704512
3.7556577
3.7903962
3.8023558
3.7844357
3.7295487
3.6316617
3.486783
3.2936099
3.0539951
2.7740006
2.4660218
2.1505303
1.8534216
1.5959073
1.3832844
1.2056746
4.13147
4.2155867
4.295238
4.36658
4.42503
4.4652557
4.481301
4.466853
4.415714
4.322477
4.1832876
3.9963949
3.7623098
3.483793
3.1664839
2.8209329
2.4650793
2.123553
1.8199902
1.5647991
1.3511952
1.5550119
1.4587184
1.3699163
1.2878535
1.2110587
1.1376128
1.06604
0.9962383
0.92978287
0.8694149
0.81802213
0.77771956
0.7494555
0.733162
0.7281868
0.73370725
0.74894863
0.7732055
0.8057607
0.8458102
0.89244294
1.5342096
1.4382558
1.3454093
1.2558584
1.1698189
1.08732
1.0084308
0.9337008
0.86448926
0.80284667
0.7509468
0.7104056
0.6818931
0.66519684
0.6595814
0.66417885
0.6782164
0.70104665
0.7320667
0.7706298
0.81602305
1.5068792
1.4155024
1.324075
1.2315198
1.1381534
1.0455406
0.956083
0.87249297
0.7973589
0.7328591
0.6805416
0.6411451
0.61455566
0.5999897
0.5963525
0.6026107
0.6180035
0.6420428
0.6743845
0.71468645
0.7625393
1.4609796
1.375751
1.2890037
1.1975473
1.1007124
1.0005739
0.9014051
0.80844474
0.726458
0.65871173
0.6066807
0.57030976
0.5484934
0.53957826
0.5418321
0.5538432
0.57473767
0.60415995
0.64205194
0.68837667
0.7429033
1.3867106
1.3070893
1.2262459
1.139465
1.0448903
0.9440373
0.8415653
0.74406314
0.65811896
0.58853704
0.53753024
0.50500786
0.48938385
0.4883737
0.49961126
0.5211185
0.55160964
0.5905262
0.63776433
0.69321257
0.7563116
1.2822897
1.2091848
1.136863
1.0597117
0.97457045
0.8814319
0.78374326
0.68783015
0.6012134
0.530397
0.4792945
0.4489756
0.4383777
0.44522163
0.4667207
0.5001275
0.54320365
0.5944725
0.65307
0.7181989
0.7885002
1.1654848
1.102199
1.041676
0.9774757
0.90515167
0.8230795
0.73315287
0.64085513
0.5541205
0.48107982
0.4278092
0.39728937
0.38972852
0.40340704
0.43537083
0.48195106
0.5393883
0.60450554
0.6749842
0.7489316
0.8241129
1.065525
1.0115397
0.9603802
0.9052889
0.8414071
0.766552
0.68190813
0.59234446
0.505736
0.43104193
0.37587908
0.3449437
0.33987918
0.3598879
0.40220022
0.4623435
0.53481287
0.61428916
0.696584
0.77846074
0.8567362
0.9927567
0.94107896
0.89132625
0.8373208
0.7748331
0.7021608
0.6205597
0.5344358
0.45091632
0.37848073
0.32496306
0.29595995
0.2943509
0.32051367
0.37232864
0.44496825
0.53143805
0.6242789
0.7171937
0.8052198
0.8840211
0.937648
0.88200605
0.82776546
0.7697988
0.7050024
0.63263893
0.55441004
0.47431314
0.3982155
0.33301425
0.2854625
0.2610874
0.26360926
0.29466593
0.35322982
0.43482813
0.5317309
0.6347131
0.73512024
0.8258
0.9013141
0.90016425
0.8391379
0.77901953
0.7159338
0.6481298
0.57605296
0.502037
0.42976457
0.36368403
0.30855778
0.2691674
0.25007418
0.25528508
0.28763896
0.34771392
0.43242761
0.53434396
0.6427319
0.74611235
0.83492285
0.9032387
0.8941798
0.82914203
0.7642025
0.6967988
0.6265258
0.5549712
0.48506466
0.42020696
0.3635215
0.31760377
0.28490207
0.26841423
0.27203047
0.2999751
0.35518622
0.43683952
0.53811324
0.64642864
0.747307
0.8294495
0.8874689
0.93092257
0.8649904
0.79828817
0.7292812
0.65855
0.588422
0.52211404
0.46266642
0.41208637
0.37117878
0.34034956
0.3211638
0.31759426
0.33562258
0.38069412
0.45377162
0.5479815
0.6490297
0.7406762
0.8113269
0.8567384
1.0132525
0.9509132
0.8873617
0.821565
0.7544801
0.6885641
0.62684935
0.5718464
0.52468795
0.4849876
0.45183066
0.42581648
0.41095343
0.4144084
0.44321236
0.49938896
0.57642114
0.66010624
0.73447496
0.7885634
0.81897897
1.1471887
1.0932273
1.038679
0.9826109
0.92588377
0.87059766
0.81918204
0.77332807
0.73311895
0.6968192
0.6618191
0.62691385
0.5949839
0.5737112
0.5723565
0.5958943
0.6405504
0.69423676
0.74220294
0.77388877
0.7859108
1.3617404
1.3231808
1.2859412
1.2491125
1.213195
1.1794777
1.149097
1.1219512
1.0958298
1.066281
1.027768
0.9764014
0.91361517
0.84837174
0.7945844
0.7636591
0.7574022
0.76699954
0.7786613
0.7812758
0.7704071
1.7029396
1.690422
1.6810883
1.6737224
1.6679052
1.6633065
1.6587774
1.651458
1.6362628
1.6061783
1.5536997
1.4734793
1.3659989
1.2408618
1.1162379
1.0115504
0.9370364
0.8890338
0.8548067
0.8217241
0.78315574
2.1912985
2.2108052
2.233049
2.2559576
2.2776644
2.295868
2.3071742
2.3066058
2.2875705
2.2424934
2.1641462
2.0475545
1.8926263
1.7074814
1.5104988
1.326416
1.1749947
1.0607061
0.97366637
0.8997664
0.8294912
2.8032107
2.8504145
2.8974035
2.9410179
2.9779224
3.004159
3.014834
3.0040355
2.9651496
2.8916333
2.7780447
2.6211596
2.4213765
2.1851113
1.9278762
1.6744131
1.4506623
1.2702062
1.1286294
1.011842
0.90773636
3.4926903
3.5578747
3.6183693
3.6698518
3.707682
3.7267857
3.7216582
3.6865602
3.6159415
3.5050857
3.3507822
3.1518564
2.9097884
2.630251
2.3259907
2.0189164
1.7361833
1.4977995
1.305751
1.1477853
1.0102805
4.206276
4.278348
4.340368
4.38699
4.412763
4.412288
4.380425
4.3124843
4.2045197
4.0537324
3.8588538
3.6203454
3.3405793
3.0248218
2.6838317
2.3366694
2.009247
1.7245352
1.4897257
1.2952635
1.1270939
1.6510177
1.5394633
1.4443254
1.3620695
1.2884054
1.2191881
1.1514926
1.0844663
1.019437
0.9591342
0.906463
0.8635302
0.8313062
0.8098787
0.7989225
0.7980521
0.8069353
0.82521945
0.8523995
0.8877452
0.9303045
1.6294036
1.52552
1.43133
1.3435478
1.260248
1.1803719
1.1034092
1.0295331
0.95987314
0.8964053
0.84131527
0.796248
0.7619278
0.73828506
0.7248654
0.72118473
0.72686356
0.74156547
0.76486593
0.79617065
0.83471894
1.61305
1.516568
1.4245764
1.3329792
1.2406261
1.1485528
1.0589198
0.97415894
0.8965701
0.82816374
0.7704759
0.7243049
0.6896099
0.66572267
0.65177107
0.6470563
0.6511837
0.6639743
0.68528754
0.71489793
0.75247556
1.5885326
1.495532
1.4054214
1.3125908
1.2146696
1.1126672
1.0102983
0.91260296
0.82437634
0.749059
0.6883409
0.64231294
0.6098867
0.589367
0.57905495
0.5777325
0.5848425
0.6003713
0.62457746
0.6577411
0.7000142
1.5405781
1.4468265
1.3574153
1.2651069
1.1654885
1.0582118
0.94717693
0.8392467
0.7418337
0.6605566
0.59809273
0.5543807
0.5275258
0.514797
0.51348376
0.52154356
0.5379258
0.5625015
0.59568334
0.6379401
0.6893598
1.4563477
1.3603207
1.271604
1.1819398
1.0853536
0.9798932
0.8684465
0.7580268
0.65739936
0.57406706
0.5122531
0.4726806
0.45353934
0.45167792
0.4635763
0.48612446
0.5171799
0.555732
0.6015574
0.6545292
0.7139143
1.3371803
1.241955
1.1572659
1.0745372
0.98683536
0.89060616
0.7868899
0.68140835
0.5829597
0.50044465
0.4401128
0.4044833
0.39288253
0.40250817
0.4293249
0.46884495
0.51700646
0.57090336
0.6288575
0.6897329
0.7520373
1.2097877
1.1206981
1.0436743
0.9702043
0.892913
0.80721533
0.71268815
0.6137261
0.51872116
0.43752408
0.37830856
0.34565246
0.34045494
0.36069864
0.40204826
0.4584443
0.5233565
0.5914528
0.6594276
0.7253083
0.7872027
1.1091964
1.0255965
0.9528578
0.88329184
0.81018806
0.72927165
0.63991916
0.5458638
0.454815
0.37653744
0.31996888
0.29099348
0.29187575
0.32158136
0.37583476
0.4472918
0.5271346
0.6077667
0.684307
0.75376475
0.8136687
1.0420231
0.9564546
0.8797869
0.80593765
0.729809
0.6484508
0.5618763
0.47344512
0.38957375
0.31850597
0.26830885
0.24504136
0.25193575
0.28911793
0.3529387
0.43561742
0.5269387
0.6174874
0.70051205
0.7714463
0.8272529
0.99428314
0.9021177
0.8175299
0.73618925
0.6549111
0.5724174
0.48960102
0.40938696
0.3363506
0.2761557
0.23476794
0.2175195
0.2282624
0.26847246
0.33594576
0.42384303
0.5217252
0.6184399
0.70466113
0.7740171
0.823578
0.966768
0.8696621
0.7788568
0.691632
0.6066574
0.52427775
0.44619125
0.37479764
0.31270388
0.2627237
0.22826177
0.2134887
0.2228092
0.2595618
0.3240519
0.41144928
0.51126343
0.6099171
0.6952331
0.7598119
0.80177927
0.97321504
0.87566006
0.78303725
0.6938085
0.6079732
0.5269781
0.45295647
0.38773832
0.3322945
0.28710777
0.25347412
0.23481043
0.23664999
0.2647877
0.32207808
0.40490592
0.50175893
0.59669024
0.67599463
0.7326393
0.76617414
1.0232158
0.9304591
0.8418357
0.75619525
0.67393136
0.596681
0.52640486
0.4643026
0.41028038
0.36353824
0.32441646
0.2964539
0.28663442
0.30267525
0.348576
0.42060897
0.5064349
0.5895773
0.65672797
0.70191085
0.72565454
1.1303041
1.0480074
0.9701589
0.8953326
0.8235258
0.75579274
0.6933167
0.63638544
0.58388865
0.5339613
0.48602515
0.44341385
0.41417158
0.4079732
0.43048027
0.47887024
0.54155815
0.6030718
0.6511124
0.68039995
0.69166917
1.3343223
1.2710276
1.2133881
1.1594715
1.1084726
1.0602638
1.0144469
0.9693632
0.92169505
0.8672714
0.80347353
0.73276883
0.66486806
0.6139186
0.5908458
0.59657454
0.62141544
0.65067464
0.67217815
0.6803376
0.6752767
1.6892648
1.6567056
1.6301911
1.6069251
1.5847508
1.5616201
1.5347424
1.4998739
1.4512837
1.3828114
1.2902838
1.1752803
1.0487036
0.929848
0.83788985
0.78106225
0.75321984
0.7399501
0.7278192
0.7096457
0.6840747
2.2072246
2.2096334
2.2154038
2.2204869
2.2211456
2.2135298
2.1931267
2.1544497
2.0912802
1.9975665
1.8690981
1.7063757
1.5187058
1.3264858
1.1556814
1.024412
0.93343616
0.8698935
0.81859565
0.7698546
0.72017425
2.8445716
2.873906
2.901168
2.921147
2.9289434
2.9197505
2.8886037
2.8303401
2.739875
2.6127822
2.4461713
2.240333
2.002029
1.7485472
1.5070498
1.3034568
1.1476697
1.0311219
0.9380074
0.8562512
0.7801314
3.5433466
3.5871325
3.622063
3.6420774
3.6417232
3.6161132
3.5608268
3.471882
3.3458972
3.1804214
2.9743505
2.7287526
2.4490793
2.1490917
1.8530889
1.5895377
1.3758073
1.2092372
1.0751989
0.9602468
0.8569975
4.248876
4.2947087
4.324526
4.3320208
4.3119707
4.260209
4.1734505
4.0491276
3.8854375
3.6815555
3.4378757
3.1563766
2.8420596
2.506307
2.170077
1.8609319
1.6001787
1.3904252
1.2192597
1.0729868
0.94344926
1.824458
1.6807094
1.5547376
1.4479189
1.3587873
1.283043
1.215435
1.1521546
1.0921073
1.0364727
0.9873014
0.9462833
0.91428554
0.89156044
0.878161
0.8741972
0.8798255
0.895079
0.9196886
0.95299506
0.99396735
1.7995374
1.6553234
1.5294809
1.4214263
1.3290112
1.2485465
1.1758676
1.1078734
1.0435381
0.98378396
0.93043613
0.88510543
0.84866166
0.82135093
0.8031842
0.7942084
0.79452336
0.8041301
0.82276255
0.84980756
0.8843292
1.781763
1.6416404
1.5209327
1.4145961
1.3180507
1.2282068
1.1436498
1.0642618
0.99079937
0.92451525
0.86669284
0.8181467
0.779015
0.74896586
0.7276078
0.7147708
0.7105139
0.71494484
0.7280297
0.74950534
0.77891326
1.7655593
1.6305561
1.5155848
1.4112659
1.3102665
1.2094157
1.109687
1.0144988
0.9276237
0.85183847
0.78847903
0.73753107
0.69798654
0.66839385
0.6474658
0.6344828
0.6293351
0.63231224
0.6438552
0.66440725
0.69437844
1.7420866
1.6094946
1.4961089
1.3906747
1.2844081
1.1734909
1.0596514
0.94861454
0.84722835
0.7607976
0.69181496
0.6400889
0.60359967
0.5795471
0.5653236
0.55919874
0.5605478
0.56967276
0.5874471
0.61494106
0.6530448
1.6954862
1.5603458
1.4429647
1.3329477
1.2215142
1.1039741
0.9813015
0.85974914
0.74818915
0.6544831
0.5829832
0.5341437
0.5055573
0.49337074
0.49356592
0.5029539
0.5197332
0.5434943
0.57476044
0.6142621
0.6621176
1.6081289
1.4674252
1.3442632
1.2303203
1.1174213
0.9999933
0.8774312
0.75494134
0.6417908
0.5475319
0.47851777
0.43662947
0.42002484
0.4245379
0.44494155
0.47608134
0.5139016
0.55601114
0.6014718
0.6499085
0.70052326
1.4790982
1.3365928
1.2127178
1.1007149
0.9928408
0.88275176
0.76817614
0.6526094
0.5446631
0.45479813
0.39127615
0.35790586
0.3541629
0.37622282
0.41780898
0.47125065
0.52928877
0.5868915
0.6417024
0.6929164
0.7398953
1.340953
1.2040969
1.0853654
0.97893304
0.8777311
0.7755444
0.66951984
0.56211257
0.4611518
0.37727308
0.3198944
0.2943907
0.30163902
0.338473
0.39780053
0.46949697
0.5433288
0.6122572
0.67316836
0.72503847
0.76731306
1.2351476
1.1034858
0.9866636
0.88048697
0.77974147
0.67978406
0.5785503
0.47818804
0.385351
0.30945075
0.25946096
0.24129815
0.25695935
0.30420092
0.37578407
0.46018562
0.5454152
0.6230857
0.6889443
0.7409783
0.7785515
1.1663644
1.0319114
0.90918636
0.7963535
0.6907776
0.5900329
0.4932018
0.40190986
0.32062897
0.25595638
0.21493399
0.20318411
0.22364397
0.2753855
0.35218504
0.4428912
0.53501946
0.61863226
0.6874126
0.73817855
0.77086294
1.117461
0.9774932
0.8477425
0.7284126
0.6191894
0.5196056
0.42952636
0.3495381
0.28130418
0.22794297
0.19401747
0.18463989
0.20389605
0.25294676
0.32799375
0.41951266
0.5144879
0.6005575
0.66923267
0.71706235
0.7451943
1.0901275
0.9497081
0.8186358
0.6982243
0.589571
0.49341184
0.40995035
0.3387489
0.27912533
0.23136619
0.19815251
0.18470563
0.1969891
0.2388128
0.30867857
0.39769202
0.49132445
0.5751466
0.6400166
0.68332964
0.7073388
1.1012197
0.96724457
0.8422585
0.72746325
0.6239937
0.5326436
0.4534492
0.38533735
0.32650012
0.27604046
0.2363001
0.21364911
0.21609524
0.24901263
0.31117824
0.3928656
0.4785934
0.55393106
0.6107235
0.64743817
0.6667554
1.1764661
1.0554249
0.94382674
0.8417603
0.7492376
0.66608
0.5915624
0.52403367
0.46123347
0.40201786
0.34911007
0.31035957
0.29583672
0.31211227
0.35775784
0.4225534
0.49142244
0.55119663
0.5949798
0.6218265
0.6342109
1.3663067
1.2673924
1.1784844
1.098119
1.0246273
0.9561758
0.8904694
0.82439834
0.7543849
0.6782657
0.59872276
0.5257408
0.47374925
0.4535455
0.46563742
0.50007206
0.5420025
0.5788523
0.6041623
0.6168585
0.61875606
1.7262993
1.6611606
1.604785
1.553728
1.5042326
1.452396
1.3939519
1.3240362
1.2376326
1.1314582
1.0077728
0.87845063
0.76377785
0.6825324
0.640792
0.6300977
0.63494366
0.64179474
0.64333045
0.6375151
0.6250686
2.2549388
2.2255547
2.2000506
2.1729693
2.1389327
2.0928805
2.0298843
1.9448884
1.8329356
1.6904414
1.5184021
1.3274821
1.140429
0.9841522
0.87407774
0.80653685
0.7660025
0.73705375
0.7104578
0.6825103
0.6524587
2.8925643
2.8875782
2.878823
2.8596463
2.8242512
2.7678542
2.686342
2.5758708
2.4328077
2.2543428
2.0405438
1.7989285
1.5495852
1.3225832
1.1425966
1.0141282
0.92414623
0.8559829
0.7983884
0.74583155
0.695955
3.57498
3.5797327
3.5721817
3.5454724
3.4944024
3.4152858
3.3053687
3.1623356
2.984203
2.7696207
2.5190125
2.2378333
1.9419127
1.659182
1.41894
1.2338418
1.0955688
0.9878091
0.89814806
0.8197616
0.74893886
4.2489057
4.2505445
4.231913
4.1869197
4.1116204
4.0036497
3.861473
3.6839783
3.4705148
3.221147
2.937246
2.6235898
2.2928996
1.9693186
1.6823206
1.4498056
1.2684053
1.1233811
1.0022931
0.89798635
0.8059929
2.0030901
1.8563489
1.7242287
1.6051656
1.4983152
1.4027395
1.3170987
1.240136
1.171343
1.1110651
1.0599966
1.0186247
0.98705804
0.9652036
0.9530054
0.95053333
0.9578945
0.97504693
1.0016282
1.0368482
1.0794795
2.0200703
1.8550994
1.7051286
1.5696503
1.4499604
1.3468342
1.2588806
1.183029
1.1163827
1.0574871
1.0062047
0.96289366
0.9278251
0.9011212
0.88294154
0.8735774
0.8733621
0.8824543
0.9006338
0.92718315
0.9608947
2.0528724
1.8689059
1.7027982
1.553813
1.4229404
1.3109038
1.2164106
1.136243
1.066891
1.006027
0.9527236
0.9067922
0.8681752
0.83682215
0.81284094
0.79657656
0.78848195
0.7888812
0.79776627
0.81470776
0.83892465
2.0852187
1.8831997
1.7045937
1.5477211
1.4105372
1.2907556
1.1861575
1.0948553
1.0154008
0.94677544
0.8882072
0.8388773
0.797792
0.76398754
0.7368712
0.71637434
0.70282584
0.6967105
0.69850475
0.7086461
0.72761315
2.098637
1.8835865
1.6981169
1.5386436
1.3986701
1.2716238
1.1539084
1.0457592
0.94961447
0.8677615
0.80094594
0.74818707
0.7073142
0.6758046
0.6515969
0.6335624
0.62154204
0.6161682
0.61871105
0.6309127
0.6546374
2.075839
1.8563247
1.6697009
1.5095963
1.3660247
1.2298464
1.0970765
0.9701485
0.85545117
0.7592284
0.68468624
0.6314019
0.5962819
0.5750433
0.563615
0.55912745
0.5603242
0.5675148
0.5822298
0.60649127
0.6416593
2.0047479
1.7884054
1.6028446
1.4400038
1.289663
1.1432852
0.9977345
0.85685414
0.72951984
0.62504154
0.54903495
0.50206864
0.4806912
0.47923172
0.49147937
0.51207995
0.53747255
0.56616473
0.5982777
0.6344097
0.6743606
1.8808746
1.6707325
1.4856431
1.3188685
1.1629137
1.0114808
0.86223346
0.7189917
0.59106207
0.48910666
0.4203535
0.38652533
0.38460818
0.4083476
0.4494794
0.4992296
0.5502701
0.59818363
0.64146644
0.6802098
0.7147488
1.7159768
1.5139045
1.3319598
1.1663427
1.0124006
0.86543834
0.7231869
0.58852065
0.46983925
0.3777735
0.32041052
0.30075577
0.31695297
0.3628607
0.42828155
0.5007792
0.5695781
0.6286376
0.6764224
0.7135724
0.7413579
1.5506628
1.3595495
1.1848189
1.0250438
0.8775485
0.7389398
0.6072887
0.484673
0.37802422
0.29691127
0.24952085
0.23996928
0.26778615
0.32738268
0.40741134
0.4932592
0.5726323
0.63899094
0.6903462
0.7268272
0.7500485
1.4283673
1.2442179
1.0724552
0.9141716
0.76927185
0.63644814
0.5145587
0.40460286
0.31098446
0.24085705
0.20153445
0.19782756
0.23058376
0.2952326
0.38078436
0.4726229
0.5581547
0.62972826
0.6837687
0.71974164
0.74003476
1.3485245
1.162784
0.9871105
0.8254744
0.68074644
0.5536622
0.44323796
0.34830397
0.26947656
0.21041168
0.17696692
0.17457415
0.20565237
0.26753038
0.35126296
0.4435513
0.5312733
0.60487854
0.65943974
0.6945965
0.7136169
1.2910074
1.1038619
0.92685837
0.7656332
0.6247226
0.5057849
0.4072988
0.32580897
0.2584579
0.20582923
0.17281042
0.16610956
0.19043554
0.24551186
0.32425588
0.41370875
0.49959666
0.57132053
0.6240773
0.6582125
0.6772596
1.2650306
1.0842991
0.9147135
0.76149553
0.6287327
0.51766855
0.4262238
0.34994766
0.28457734
0.22969297
0.1906973
0.17622507
0.19284333
0.24100333
0.31328264
0.39605343
0.47504458
0.5406197
0.58911574
0.62130505
0.64026177
1.3090563
1.1424335
0.9879672
0.8489637
0.72749406
0.6233446
0.53384095
0.4545981
0.3817251
0.31554887
0.26309225
0.23518471
0.23960032
0.27615625
0.33612153
0.40566763
0.4718434
0.52675414
0.56773084
0.5954802
0.61228347
1.4820796
1.3384272
1.2068974
1.0882244
0.98179775
0.8853422
0.7951124
0.7065005
0.6158718
0.5244055
0.4415626
0.3823769
0.35816064
0.36934614
0.40605164
0.45398995
0.5010435
0.5403767
0.5696725
0.58919907
0.6003822
1.8326952
1.7219723
1.6207688
1.5267524
1.4363904
1.3452731
1.2484994
1.141072
1.0193214
0.88484824
0.749584
0.63469523
0.5588412
0.52618927
0.5263963
0.54366386
0.56522435
0.584089
0.5975013
0.60489035
0.60676455
2.3441796
2.2658718
2.1911812
2.1150663
2.03212
1.9371685
1.8253936
1.6921816
1.5338697
1.3512225
1.1558135
0.9726427
0.8292067
0.737567
0.68961835
0.6681206
0.6585601
0.6527564
0.6468153
0.63892215
0.6285275
2.9493744
2.8903346
2.8269625
2.7529528
2.6628659
2.5524464
2.41816
2.2565289
2.0642962
1.8409377
1.594905
1.3498123
1.1385612
0.98294044
0.88087434
0.8155663
0.77091074
0.7372726
0.7093989
0.68404186
0.65945524
3.5834837
3.5288155
3.4616873
3.3758702
3.2670014
3.1323283
2.969821
2.7774076
2.552958
2.2958202
2.0116434
1.7196131
1.4523002
1.2383648
1.0834303
0.97348845
0.8920283
0.82859045
0.7770068
0.7327796
0.69293976
4.196652
4.135164
4.054357
3.9489303
3.815856
3.6536
3.4611773
3.2376802
2.9823456
2.695414
2.3813548
2.0553253
1.7463144
1.4852184
1.2839229
1.1322764
1.014586
0.92063785
0.844274
0.78030205
0.72466314
2.1434774
1.9895142
1.8629308
1.7570558
1.6643151
1.5779332
1.493829
1.4113384
1.332246
1.2590883
1.1939511
1.1382241
1.0929775
1.0593512
1.0385574
1.0315306
1.0385145
1.0588361
1.0909377
1.1325858
1.1811415
2.2129216
2.0297072
1.8742491
1.7407368
1.6237653
1.5189445
1.423247
1.3351325
1.2543867
1.1816272
1.1177113
1.0633892
1.0192937
0.9860739
0.9643631
0.9545682
0.95661616
0.969808
0.99281496
1.0237796
1.0604678
2.3233726
2.1091254
1.921495
1.7551877
1.6069233
1.4759023
1.3622614
1.2651865
1.1825666
1.1119983
1.051693
1.0006421
0.95841086
0.924944
0.9003887
0.88489497
0.8784171
0.88057715
0.8906002
0.9073096
0.929247
2.451708
2.206364
1.9857129
1.7859144
1.6058011
1.4473739
1.3134115
1.2042314
1.1167738
1.0463225
0.98856014
0.9404077
0.8999175
0.8659877
0.83811355
0.81615627
0.8001427
0.7901562
0.7863127
0.7887976
0.7980245
2.5676284
2.2931716
2.0415761
1.8119094
1.6052798
1.4244901
1.2721006
1.1482785
1.0502534
0.973504
0.91328627
0.8654212
0.82646215
0.7937638
0.765555
0.74090314
0.7196399
0.7024292
0.69090945
0.68765885
0.6958096
2.6364353
2.33763
2.0614817
1.8102891
1.5863218
1.390439
1.222063
1.0802994
0.96449137
0.87357944
0.8052682
0.7558431
0.72066087
0.6950239
0.6750603
0.65829194
0.6439412
0.63319486
0.62914884
0.63584
0.65639925
2.625373
2.3111696
2.0217917
1.7606814
1.5284334
1.3220063
1.1376256
0.97485936
0.8373738
0.72967505
0.65340674
0.6061019
0.5821598
0.5746402
0.5769877
0.5843057
0.59406936
0.6063197
0.6229696
0.64597255
0.67548645
2.51559
2.1992602
1.9102658
1.6496719
1.414508
1.1992269
1.0003222
0.8205222
0.66832244
0.55276805
0.47820398
0.44288146
0.44055757
0.4625376
0.49932104
0.5421533
0.58446246
0.622699
0.6559884
0.68473727
0.7096215
2.3148453
2.0108514
1.7335277
1.4803914
1.2469143
1.0290821
0.82672447
0.645641
0.49623114
0.38847727
0.32712883
0.31079504
0.33358145
0.38601634
0.4554866
0.5284376
0.59408766
0.64688027
0.68596846
0.71304125
0.7309288
2.065958
1.7856944
1.527256
1.2876261
1.0645561
0.8575014
0.66846114
0.5028787
0.36936468
0.27668506
0.22976239
0.22842005
0.26811674
0.33932298
0.427201
0.5154905
0.5923244
0.65237594
0.69493455
0.72175944
0.7364324
1.8407714
1.5866315
1.3471539
1.122927
0.915852
0.727759
0.5600251
0.41508195
0.29841286
0.21773033
0.17904955
0.18399857
0.22942331
0.3062192
0.39936593
0.4927795
0.5748741
0.63964266
0.68518275
0.71293354
0.7271075
1.6899372
1.4502786
1.2196492
1.0040315
0.80951834
0.6393088
0.49285555
0.36839998
0.2673579
0.19585612
0.16095766
0.16607805
0.20929605
0.28259405
0.37259153
0.46470222
0.5473483
0.6133814
0.66019696
0.6893937
0.7053257
1.5988197
1.3612458
1.1319883
0.9207712
0.73636353
0.5823802
0.45587522
0.35059893
0.2633779
0.1981696
0.1630573
0.16374004
0.20011605
0.26575682
0.34889647
0.43581113
0.51489824
0.579025
0.62595373
0.65730405
0.67666656
1.546705
1.3129357
1.0899087
0.88757384
0.7144376
0.5731834
0.4591704
0.36379892
0.28165027
0.21607848
0.17680457
0.17171644
0.20170397
0.26027697
0.33557507
0.41448438
0.48677275
0.5467625
0.59286314
0.6261954
0.64906615
1.5664734
1.3447531
1.1356128
0.9468097
0.7844449
0.6495281
0.5369187
0.43832827
0.3490498
0.2738685
0.22470225
0.21088138
0.23267399
0.28189504
0.3460875
0.41349664
0.47607693
0.5296547
0.57288647
0.606146
0.6305294
1.7191164
1.5179139
1.3288279
1.1565487
1.0040103
0.8702056
0.749719
0.6352507
0.52367115
0.42236817
0.34729657
0.31103376
0.3138044
0.3453793
0.3923116
0.44377956
0.49321854
0.5371952
0.5741747
0.60379416
0.626245
2.0401025
1.8665297
1.7020141
1.5476735
1.4029363
1.2645861
1.1268647
0.98342437
0.83261347
0.68475115
0.56184494
0.48317137
0.45132428
0.45425475
0.4765151
0.50694007
0.5393211
0.57015544
0.5972859
0.6195648
0.6365074
2.501707
2.352702
2.2079792
2.0655742
1.9221653
1.7730614
1.6125287
1.434948
1.2390141
1.0358346
0.85217357
0.7160428
0.6360653
0.60020995
0.5907507
0.5951989
0.60683465
0.62145823
0.6358906
0.6480347
0.65679646
3.0394704
2.902174
2.7638903
2.620961
2.4689946
2.303223
2.1185715
1.9099859
1.6753803
1.4236311
1.1817893
0.984857
0.85027784
0.76929545
0.72300106
0.6974543
0.6851641
0.68103784
0.6806875
0.6809142
0.6799576
3.5931091
3.454947
3.3109975
3.156816
2.9879885
2.8005116
2.590529
2.3540623
2.0887318
1.8004109
1.5125202
1.2621667
1.0748948
0.94772625
0.8624066
0.8042433
0.7654266
0.74033785
0.7235367
0.7106874
0.699269
4.1182947
3.971656
3.8155496
3.6450255
3.455855
3.2448325
3.0093641
2.7469547
2.455977
2.140487
1.8193547
1.5275347
1.2952038
1.1253794
1.0018253
0.91006106
0.8428625
0.7949101
0.76018775
0.7333428
0.7110159
2.3111343
2.1247702
1.9828655
1.8779446
1.7986035
1.7325728
1.6704353
1.6075736
1.5434191
1.4792731
1.4165903
1.3565719
1.3006929
1.2513152
1.2117516
1.1856755
1.1761769
1.1848464
1.2111886
1.2524842
1.3041532
2.431102
2.2036386
2.0217986
1.8815081
1.7744881
1.6894301
1.6151795
1.5440425
1.4729161
1.402002
1.332828
1.267182
1.2071244
1.155338
1.115063
1.0894463
1.0805879
1.0887427
1.1119703
1.1463633
1.1868001
2.6136918
2.3469305
2.1226356
1.9388732
1.7909803
1.6716119
1.572017
1.4843136
1.4033252
1.326862
1.254776
1.1879982
1.1281418
1.0773958
1.0381888
1.0124837
1.000986
1.0026449
1.0146846
1.0331999
1.0541304
2.8359087
2.5337758
2.268467
2.0389533
1.843176
1.6783954
1.5411861
1.4272106
1.3315252
1.2495697
1.1780516
1.1152002
1.0605737
1.0146221
0.9780207
0.95093554
0.9325511
0.921116
0.9144698
0.9108472
0.9097065
3.0670753
2.734143
2.430814
2.1565125
1.9110826
1.696046
1.5141528
1.3667068
1.2512012
1.1618255
1.091927
1.0359641
0.9900902
0.9517785
0.9190742
0.8900099
0.8627098
0.8361856
0.81126887
0.79102355
0.7803202
3.2668977
2.9079463
2.570342
2.2541878
1.9614171
1.6975582
1.4707767
1.2874956
1.1481824
1.0472385
0.9760854
0.926083
0.8898252
0.86129516
0.83561134
0.80905676
0.77991366
0.7497339
0.7236628
0.70874727
0.71078914
3.3880622
3.007577
2.6403944
2.2879913
1.9549062
1.6500099
1.3846148
1.1677204
1.0021951
0.8845643
0.8072257
0.76075774
0.73547345
0.72246057
0.71438205
0.7062982
0.69671327
0.6880871
0.68529326
0.6922
0.7091324
3.386807
2.9891784
2.5994854
2.2211301
1.8607805
1.5285715
1.2357508
0.99161804
0.8019194
0.6678724
0.585556
0.5467421
0.5408541
0.55688006
0.5847708
0.6164477
0.6466458
0.67314136
0.6956473
0.7143251
0.7297242
3.2379198
2.8302593
2.4304187
2.042978
1.6746559
1.3340585
1.0304116
0.7736272
0.5739911
0.43805757
0.36455518
0.3454607
0.3695295
0.42390656
0.49442002
0.5669955
0.630521
0.6791134
0.71189845
0.7312756
0.7415946
2.9512203
2.548651
2.1588986
1.785823
1.4341233
1.1094451
0.81914204
0.5742497
0.3881511
0.26926532
0.21583295
0.21924667
0.26854447
0.34986222
0.4456814
0.53862375
0.6166459
0.67466116
0.7127242
0.7340697
0.7440221
2.5910873
2.217567
1.8619719
1.5264093
1.2134935
0.92659515
0.67084306
0.45536146
0.2927965
0.19215819
0.15277009
0.16729468
0.22574385
0.3142752
0.41540372
0.51292396
0.5959559
0.6591673
0.7017159
0.72652096
0.73899573
2.2721612
1.9442881
1.6316601
1.3369849
1.0649006
0.81913346
0.6014136
0.41562787
0.27182278
0.18088159
0.1456593
0.1608729
0.21693271
0.30058256
0.39638102
0.49037495
0.57238054
0.6366017
0.6818103
0.7106192
0.7276426
2.076261
1.7815921
1.4935296
1.2209908
0.9747489
0.76001394
0.57429296
0.41465408
0.28657076
0.2014719
0.16572101
0.17642805
0.22470857
0.2984211
0.38425687
0.47011212
0.54684865
0.6093475
0.6565397
0.69018614
0.71322125
1.9885794
1.7045261
1.4242003
1.1617014
0.9307336
0.7360399
0.57163846
0.4296157
0.31171262
0.2294138
0.19177797
0.1977944
0.23880492
0.30290347
0.37808067
0.45427418
0.52438384
0.5845453
0.6336272
0.67212623
0.70114595
1.9942899
1.7166752
1.4445047
1.1913067
0.9693546
0.78215927
0.6228662
0.48269457
0.36307532
0.27674437
0.23445688
0.23515213
0.2687
0.32264596
0.3864801
0.4526204
0.51589584
0.57314
0.6227935
0.6642284
0.69718665
2.129028
1.8635632
1.6036665
1.3601145
1.1425194
0.95299166
0.7846841
0.62957853
0.49085996
0.38478702
0.32540703
0.31167448
0.33128855
0.37082943
0.42093316
0.47569776
0.53083575
0.58312434
0.63040817
0.6712847
0.704713
2.4100409
2.1594515
1.9130384
1.6785562
1.4620677
1.2632679
1.0748702
0.8898268
0.7139322
0.56912845
0.47583923
0.4348569
0.43166333
0.45103943
0.48375353
0.5245461
0.5691427
0.6137242
0.6553886
0.6921468
0.72256774
2.804915
2.5630393
2.3244088
2.094282
1.8748257
1.6625812
1.4492586
1.2282666
1.0069559
0.8123903
0.67317075
0.5945879
0.560919
0.5547365
0.5662111
0.5901151
0.62171465
0.65625614
0.6899123
0.72010803
0.74517304
3.2584581
3.014146
2.7734175
2.539717
2.3119886
2.0841305
1.8469032
1.5933772
1.3300912
1.0859029
0.89679146
0.77502495
0.7058059
0.66989875
0.656672
0.6608049
0.67705494
0.6996601
0.7237684
0.7461367
0.7648301
3.718331
3.463315
3.213299
2.9696853
2.7289095
2.483534
2.2244313
1.9445976
1.6483794
1.3626086
1.1272593
0.9621476
0.85556847
0.7874545
0.74667495
0.7281896
0.7266226
0.7354245
0.7487599
0.76265264
0.7748024
4.1467886
3.8783817
3.616906
3.361001
3.1050446
2.8413866
2.5621414
2.2611518
1.9408435
1.6240022
1.3506262
1.1464132
1.0038091
0.90289646
0.8326097
0.78891295
0.76701677
0.76003885
0.7613294
0.7661535
0.7717552
2.572241
2.332877
2.1529584
2.0269966
1.9420508
1.8821827
1.8341228
1.7900232
1.7466408
1.7030501
1.6589584
1.6142857
1.5695044
1.5260476
1.4863454
1.4535168
1.4308996
1.4215276
1.4275203
1.449319
1.4848965
2.7392013
2.4494798
2.2195368
2.050612
1.9354143
1.8587143
1.8029772
1.7545848
1.7062627
1.6556102
1.6025075
1.5475806
1.4920061
1.4378659
1.3883145
1.3472793
1.3187786
1.3059818
1.3101456
1.3296295
1.3595053
2.9863188
2.6506085
2.3689954
2.1471176
1.9848409
1.8728708
1.7946345
1.7328409
1.6753181
1.6163125
1.5543963
1.4901358
1.425108
1.3619181
1.3042802
1.2565624
1.2227281
1.2049334
1.2022785
1.2103777
1.2223907
3.2972283
2.922191
2.5924494
2.3151655
2.0951629
1.9306508
1.8110653
1.7205172
1.6443013
1.5730032
1.5024135
1.4316137
1.3615798
1.29465
1.2341366
1.1834544
1.1447453
1.1175839
1.0986532
1.0830361
1.0668844
3.6416206
3.235514
2.863828
2.5336685
2.251858
2.02238
1.8430136
1.7047812
1.5955508
1.5045278
1.4243846
1.351153
1.2834095
1.2213737
1.1657865
1.1166359
1.072317
1.0300305
0.98768735
0.9463854
0.9115858
3.9731705
3.5446877
3.138183
2.7597935
2.416461
2.115327
1.8621749
1.6587403
1.5011603
1.3813266
1.2898715
1.218598
1.1613821
1.1135787
1.0706569
1.0275288
0.97989875
0.9272496
0.87497973
0.83294344
0.8104686
4.23644
3.7921398
3.3568528
2.9349189
2.5325897
2.1585722
1.8252085
1.5462995
1.3303216
1.1756458
1.0723975
1.0074991
0.96823066
0.9431565
0.92197335
0.89668655
0.86461663
0.83018416
0.8019959
0.78666544
0.78505605
4.377839
3.9206514
3.46041
2.9995034
2.5434668
2.1019862
1.6926227
1.3410598
1.069742
0.8848568
0.7760744
0.7251263
0.7129793
0.72281337
0.74102557
0.7584392
0.77131265
0.779974
0.78548586
0.78805304
0.78850263
4.3577476
3.8876789
3.4054532
2.91274
2.4149039
1.9221406
1.4566256
1.0556717
0.75429624
0.56299716
0.4675813
0.44443586
0.47113958
0.52833176
0.59873086
0.6674514
0.7238225
0.76260823
0.7835886
0.7904525
0.7893861
4.1595454
3.677078
3.1802454
2.672143
2.1580396
1.6482671
1.1693887
0.76646835
0.4792666
0.31473446
0.25118208
0.26159653
0.32389718
0.4175776
0.52133334
0.61657196
0.6918933
0.743633
0.7735096
0.7865833
0.78966326
3.799296
3.3143775
2.8242252
2.333835
1.8475834
1.3744543
0.9379483
0.5783129
0.33149326
0.20081672
0.16262625
0.19138055
0.2670637
0.36995408
0.47992036
0.5807657
0.6628655
0.7225282
0.76064324
0.7815618
0.7913584
3.3537333
2.8944933
2.4464762
2.0139978
1.5979505
1.1994063
0.82992184
0.520173
0.3041965
0.18977904
0.15872964
0.18847883
0.260258
0.35646072
0.46026266
0.55787754
0.640199
0.7031947
0.7473154
0.7759892
0.7937016
2.967179
2.561527
2.1741729
1.8054271
1.4530594
1.1152171
0.798951
0.52811295
0.33303526
0.22547388
0.19337745
0.216903
0.27828425
0.3621128
0.454465
0.54363924
0.6217208
0.685267
0.7343625
0.7708939
0.7971671
2.7506814
2.3911264
2.0395055
1.6979184
1.3716129
1.0654179
0.78508914
0.54550743
0.36944023
0.26898575
0.23612499
0.2533466
0.30412957
0.3751225
0.45511067
0.53489625
0.60826963
0.672257
0.7261042
0.7699685
0.804189
2.7152958
2.3710914
2.0246832
1.6854357
1.3652906
1.0718219
0.80824643
0.5837543
0.4170741
0.32018763
0.28607395
0.2972832
0.33789563
0.39680985
0.46572948
0.5377058
0.6074949
0.6718856
0.7291274
0.778095
0.8178732
2.8413305
2.4932504
2.1423821
1.8004066
1.4793621
1.1858511
0.9209612
0.6914599
0.5162148
0.40960428
0.36530071
0.36467832
0.39189616
0.4377807
0.4960763
0.56082207
0.6266805
0.6897381
0.74740297
0.79782695
0.83953965
3.0968425
2.7374365
2.378428
2.0312717
1.7058074
1.4053949
1.1276914
0.8776628
0.67705804
0.5460773
0.48073816
0.46104902
0.4705492
0.5011183
0.54750615
0.60380876
0.6639916
0.72321075
0.77813107
0.8265026
0.86672306
3.4338422
3.0562704
2.68387
2.3282409
1.996036
1.6855298
1.3898298
1.1119789
0.8771649
0.71307886
0.6197474
0.576103
0.56452
0.5773408
0.6098827
0.6559909
0.7087337
0.7622277
0.81237465
0.856589
0.89327043
3.8023221
3.4018772
3.0129406
2.6466882
2.3060808
1.984175
1.6697463
1.3635477
1.0927553
0.8922065
0.76734376
0.69685024
0.6617062
0.6544316
0.6708996
0.70482713
0.7484903
0.7949977
0.8394509
0.87885153
0.9115168
4.161003
3.7380552
3.333693
2.9570184
2.607085
2.2731507
1.9414343
1.6105353
1.3072016
1.0712621
0.91418934
0.8155144
0.7549391
0.72514594
0.7228779
0.7421426
0.7747688
0.8130414
0.8512723
0.88594675
0.915125
4.4833198
4.0425973
3.627152
3.2422228
2.883045
2.5370905
2.1903656
1.8401024
1.510627
1.2437357
1.056361
0.92975557
0.84263307
0.78804296
0.76414263
0.7658624
0.7850723
0.8135152
0.8447968
0.8748176
0.90122914
2.9793499
2.6784384
2.446103
2.2797582
2.167578
2.092881
2.0405161
2.0003116
1.9666374
1.9364476
1.9078705
1.8798642
1.8523648
1.8262488
1.802914
1.7836624
1.769252
1.7598301
1.755256
1.7555386
1.7609441
3.1938946
2.8361816
2.5484903
2.3363786
2.1938667
2.1035795
2.0444736
2.0001798
1.9616156
1.9248065
1.8880185
1.8504332
1.8120048
1.7735087
1.7362485
1.7015772
1.6706206
1.6443958
1.6241128
1.611091
1.6057825
3.5092561
3.0980308
2.750062
2.477498
2.2837045
2.1577787
2.0779278
2.022029
1.9753324
1.93071
1.8852267
1.8375354
1.787095
1.7342174
1.6800202
1.626226
1.5750558
1.5291986
1.4913677
1.4629276
1.4420898
3.9109826
3.456638
3.0525703
2.7139683
2.4520416
2.2666159
2.1430476
2.0589516
1.9946471
1.9379135
1.88241
1.824711
1.7628504
1.6961715
1.6254951
1.5531365
1.4825926
1.4176378
1.3606253
1.310836
1.2648578
4.362067
3.8794785
3.430267
3.0291667
2.6915076
2.4269176
2.2330945
2.0956056
1.9952306
1.9155805
1.8454065
1.7773929
1.7069018
1.6316216
1.5515374
1.468546
1.3853817
1.3041621
1.2257152
1.15105
1.084416
4.8132257
4.3155193
3.8330376
3.3770044
2.9633393
2.6080978
2.3212388
2.1020694
1.9398814
1.8193512
1.7257029
1.646979
1.5745246
1.5027704
1.4284492
1.3495317
1.264839
1.1754171
1.0870025
1.0103136
0.95652425
5.2116814
4.7060256
4.1980453
3.6937766
3.2068648
2.7562156
2.3608053
2.0349631
1.7843069
1.6035879
1.4793159
1.3950297
1.3352828
1.2869668
1.2390943
1.1835533
1.1180918
1.0486724
0.98641574
0.9399409
0.9106561
5.5048575
4.9928575
4.4625444
3.9144855
3.3581614
2.8120024
2.3000884
1.8512146
1.4958211
1.2498413
1.1043254
1.0342782
1.0114173
1.0106406
1.0127854
1.0071418
0.99216956
0.9714434
0.94786835
0.92251354
0.8974866
5.6482854
5.1284704
4.5767117
3.9884365
3.368161
2.731869
2.106125
1.5370144
1.0934792
0.8163171
0.6872745
0.66166914
0.6973501
0.7609028
0.8278007
0.8826541
0.9180185
0.9320486
0.9272084
0.9097514
0.88787264
5.6150813
5.084541
4.512
3.8890727
3.2167912
2.5093884
1.7964844
1.1540517
0.69626087
0.456669
0.3809362
0.40827522
0.4953363
0.6074946
0.71640515
0.8037959
0.8626335
0.8939925
0.903358
0.89833707
0.8867587
5.400103
4.855711
4.265956
3.6233022
2.9301572
2.200559
1.4719281
0.8532806
0.46049383
0.28449237
0.2505889
0.3024788
0.40428862
0.52632856
0.6441174
0.7421738
0.8141929
0.8604008
0.8851078
0.89471245
0.89564973
5.0303664
4.4757547
3.8850484
3.2586153
2.6022682
1.9262781
1.2702129
0.7361345
0.40659124
0.26050597
0.23400362
0.28067917
0.37180576
0.484533
0.5988391
0.69983953
0.7796482
0.8369342
0.87484246
0.89831454
0.9119529
4.5999527
4.054289
3.4935944
2.924284
2.3465557
1.7591535
1.1921138
0.7280376
0.4337058
0.29585695
0.26371622
0.2976809
0.37339136
0.47223344
0.5772335
0.6748073
0.7571498
0.8221701
0.8714332
0.9077425
0.9335686
4.2546678
3.7371337
3.2191136
2.7013388
2.176121
1.6424111
1.135057
0.7270977
0.46787256
0.34234378
0.30783963
0.33125535
0.3925952
0.47697577
0.570745
0.66268164
0.74576515
0.81702936
0.8760749
0.9234944
0.9599156
4.087964
3.5977876
3.0998611
2.5932758
2.07946
1.5708411
1.1056042
0.7416464
0.51135874
0.39696363
0.36068106
0.3745593
0.42297578
0.49474725
0.5791203
0.66653275
0.750132
0.8259281
0.89192915
0.94717056
0.99110985
4.1293006
3.6381247
3.1256742
2.6055357
2.0919685
1.6004155
1.1605027
0.8168492
0.595465
0.4796207
0.43442082
0.43541196
0.47052678
0.53112733
0.60777456
0.69116485
0.77393377
0.8511927
0.9200107
0.97865504
1.026091
4.323732
3.796203
3.2509136
2.7127628
2.1990912
1.7193683
1.2909114
0.94904214
0.72021616
0.5916329
0.5306788
0.5152687
0.5358239
0.58508307
0.6538213
0.7322205
0.81207126
0.88768464
0.9555766
1.0137459
1.0611053
4.5736146
3.9995542
3.4212108
2.8674533
2.3537376
1.8810542
1.4550446
1.1049147
0.8606571
0.71441984
0.6351014
0.60187316
0.6069256
0.6440067
0.70391464
0.7761871
0.85169446
0.92392963
0.98893386
1.044581
1.0898875
4.8190694
4.2041945
3.6013596
3.0387142
2.5262918
2.056626
1.62669
1.2623875
0.9985242
0.8324961
0.7339665
0.68226594
0.6708128
0.69440955
0.7441358
0.80913085
0.8794553
0.94776833
1.0095445
1.0624318
1.1054728
5.0326505
4.3896966
3.7749395
3.2111979
2.7012808
2.23147
1.7938665
1.4127352
1.1274195
0.9405198
0.8221242
0.7509486
0.7213073
0.7292826
0.7666878
0.8226919
0.88681704
0.95093894
1.0098459
1.0607523
1.1025063
5.206514
4.550129
3.9349482
3.375921
2.869019
2.3972378
1.9510387
1.553646
1.2474881
1.0398688
0.90125275
0.8093454
0.759285
0.74881095
0.7710011
0.8155621
0.8718428
0.9310837
0.98732555
1.0371541
1.0789679
3.6320608
3.268336
2.9749527
2.7488844
2.58046
2.4577022
2.369997
2.3091528
2.2685392
2.2421317
2.224533
2.2116914
2.2014494
2.1933272
2.1876755
2.1846118
2.1831992
2.1811018
2.1748369
2.160688
2.1362538
3.9122653
3.4852178
3.1337638
2.8625252
2.6637738
2.5216146
2.420066
2.347846
2.297586
2.2631643
2.2386544
2.2190323
2.2010875
2.1834085
2.165436
2.146237
2.1236935
2.0945828
2.0557463
2.006105
1.9484624
4.3051686
3.8159487
3.3943806
3.0556445
2.80221
2.6220915
2.4962544
2.4081268
2.3467543
2.3042717
2.2734144
2.2474878
2.2213767
2.1918044
2.1564932
2.1130326
2.0585175
1.9906379
1.9099975
1.8220252
1.7356853
4.786835
4.252315
3.765654
3.3483405
3.016
2.769961
2.5973496
2.479673
2.400786
2.3482263
2.31119
2.2797167
2.2454083
2.2018821
2.1443055
2.06893
1.9738718
1.8613396
1.7393694
1.6197777
1.5119884
5.31353
4.75617
4.221789
3.7304184
3.3064632
2.9680727
2.7182572
2.545719
2.4326687
2.3609996
2.3138049
2.2754693
2.232445
2.1740158
2.0925834
1.9844311
1.8515887
1.7032115
1.5533518
1.415235
1.2978733
5.8429484
5.2797627
4.71474
4.160776
3.6437924
3.1955683
2.8391113
2.5792096
2.4044442
2.294588
2.226366
2.1766589
2.1249359
2.0552998
1.9580492
1.8312422
1.6816597
1.523174
1.372335
1.2440444
1.1484208
6.3360233
5.775662
5.1900754
4.582877
3.9758623
3.4081852
2.9214058
2.5412297
2.271576
2.0983167
1.9954871
1.9321463
1.8790526
1.8140869
1.7254721
1.6127142
1.4852128
1.3580832
1.2456653
1.1555525
1.0874023
6.7524557
6.197152
5.594461
4.9383035
4.2431912
3.5502071
2.9160826
2.3888042
1.9953659
1.73948
1.598952
1.5345901
1.5054696
1.4803407
1.4424955
1.3889129
1.3250475
1.2573866
1.1889976
1.1215272
1.0588516
7.0533204
6.5009823
5.8802633
5.1753044
4.392226
3.5720122
2.7847574
2.0992224
1.5740012
1.2462173
1.0967267
1.0693427
1.1057919
1.1608677
1.2062482
1.228505
1.2240419
1.194998
1.1479068
1.0925604
1.0389272
7.206475
6.651207
6.0086775
5.254024
4.3865104
3.449542
2.5266712
1.7055146
1.0973251
0.7707559
0.67177284
0.71261704
0.82181406
0.94471186
1.0457704
1.1095918
1.13556
1.1309161
1.1060517
1.0715432
1.0358924
7.1897173
6.62099
5.950758
5.1489286
4.213949
3.198864
2.2004666
1.3317503
0.7577172
0.5069099
0.46651882
0.5402934
0.66603655
0.8001671
0.9157533
1.0004715
1.0520608
1.0747595
1.0765698
1.0662272
1.0506351
6.9955206
6.40014
5.6983614
4.8640323
3.906394
2.8940563
1.9274406
1.13309
0.6511849
0.44926453
0.41381732
0.46934465
0.57323366
0.69584775
0.81454533
0.9141133
0.9875513
1.0352366
1.0622847
1.0751307
1.0789824
6.6597357
6.033355
5.308591
4.474939
3.5594046
2.6317508
1.7704649
1.0810572
0.65777105
0.4633245
0.41116974
0.44328144
0.5262085
0.635426
0.75047415
0.8562324
0.9441965
1.011904
1.0609759
1.0947461
1.1164052
6.2957726
5.6424627
4.9073772
4.099913
3.2531712
2.415863
1.644648
1.0379078
0.66563773
0.4863937
0.42892426
0.44728357
0.5145668
0.6106645
0.7186521
0.8254514
0.9224296
1.0049869
1.0715826
1.1225928
1.1592617
6.001383
5.327671
4.596322
3.820057
3.0220351
2.240289
1.5362245
1.0053197
0.68531245
0.5248387
0.4656141
0.4737646
0.5289189
0.6147098
0.7166696
0.8229327
0.9247665
1.0163649
1.0943269
1.1571258
1.2045888
5.8307543
5.162918
4.4420233
3.6768062
2.8989222
2.156075
1.5108305
1.0382292
0.7497537
0.59445137
0.5271932
0.52385396
0.5684643
0.6462708
0.7432787
0.8475671
0.95011985
1.0447061
1.1273293
1.1957322
1.2490456
5.8410587
5.159276
4.4132895
3.6329963
2.8665493
2.1603546
1.5630815
1.1266968
0.85002136
0.6885224
0.6081727
0.59182185
0.6260006
0.696208
0.7879102
0.88851035
0.988541
1.081646
1.1638732
1.2329701
1.2879453
5.9554367
5.218489
4.4290137
3.6334426
2.8816013
2.2081177
1.6450375
1.2287209
0.95420194
0.78324276
0.6893388
0.6600728
0.6837649
0.74607706
0.83193594
0.92799157
1.0242001
1.1140181
1.1936272
1.2610171
1.3153596
6.0641155
5.2691107
4.4468684
3.6489515
2.9172342
2.2706063
1.7282295
1.3201681
1.0427421
0.861879
0.75513667
0.71314883
0.7258585
0.7795006
0.8588996
0.95016307
1.0426143
1.1293136
1.2063814
1.2719487
1.3253634
6.1274986
5.2918777
4.457406
3.6725466
2.964685
2.33794
1.8051436
1.3969008
1.1129103
0.9212348
0.80113846
0.7453029
0.74533415
0.7885221
0.86012584
0.9460585
1.0350412
1.1195186
1.1952373
1.2602049
1.3137827
6.1466365
5.2927227
4.466171
3.7051058
3.020799
2.4073274
1.8768086
1.4634327
1.1704215
0.9665185
0.831376
0.7593205
0.7438448
0.7737468
0.8352465
0.9144781
0.99970263
1.0826073
1.158253
1.2242059
1.2795846
4.6063194
4.1812577
3.81356
3.4990225
3.2346766
3.0213964
2.8610878
2.7523496
2.688578
2.6592276
2.6527746
2.659483
2.6727197
2.6886792
2.7051468
2.7200658
2.730435
2.731783
2.718316
2.6838677
2.6237142
4.917077
4.4273415
4.004458
3.6488771
3.3543398
3.11592
2.9330778
2.8055465
2.7284338
2.6914477
2.6817358
2.6874208
2.6996076
2.712385
2.7215197
2.7228234
2.7109568
2.679183
2.6205282
2.5305977
2.4113696
5.3264756
4.767661
4.2690887
3.8454165
3.4994712
3.225872
3.0189335
2.8747337
2.787246
2.745494
2.7349844
2.7412262
2.7522626
2.7590513
2.7542224
2.7304916
2.6798673
2.5947034
2.471219
2.3143928
2.1403048
5.8099527
5.200332
4.6276155
4.1184745
3.6938686
3.360946
3.1154685
2.9487913
2.8500936
2.8049254
2.7954893
2.8034363
2.8124845
2.8090277
2.7811728
2.7178602
2.6099193
2.4541237
2.258764
2.045443
1.841748
6.3308597
5.6958146
5.0673547
4.4742637
3.9530158
3.5317972
3.2198327
3.0103705
2.8882456
2.8333497
2.8220835
2.8300014
2.8344364
2.8153095
2.755034
2.6401067
2.4660041
2.2432704
1.9984076
1.7646893
1.5680501
6.861821
6.221081
5.556722
4.8911586
4.267297
3.7332911
3.3204908
3.0346835
2.8627205
2.7804875
2.7572775
2.759707
2.7555027
2.7159717
2.6190093
2.455137
2.234133
1.9848933
1.7443354
1.5416265
1.389117
7.380124
6.74536
6.058291
5.3304534
4.6025968
3.9364226
3.3883176
2.9866085
2.729956
2.5958734
2.5470266
2.5378675
2.523066
2.4658988
2.3467498
2.1698966
1.961507
1.7554252
1.5756277
1.4290779
1.3117096
7.860157
7.235882
6.5308275
5.7436028
4.907647
4.0928235
3.3811326
2.830193
2.4582167
2.2505653
2.1651168
2.143079
2.1277006
2.081233
1.9931252
1.8754269
1.7470653
1.6193262
1.4946572
1.3748667
1.265653
8.270546
7.654407
6.928223
6.07734
5.127319
4.1555266
3.2698724
2.5567155
2.0540698
1.7628757
1.6430217
1.6277341
1.6540045
1.6800823
1.6853813
1.6617186
1.607137
1.5256004
1.4274354
1.3261403
1.2333249
8.573194
7.9560776
7.2006497
6.281291
5.219253
4.1016808
3.060136
2.2003858
1.5824066
1.2392478
1.1295134
1.1683327
1.2736702
1.38271
1.4583135
1.4874159
1.4731007
1.4265629
1.3617799
1.2917327
1.2257124
8.725949
8.092311
7.297997
6.3120284
5.156824
3.931553
2.7877424
1.8432885
1.1948141
0.8858721
0.8270048
0.9041206
1.0315176
1.1561953
1.2533463
1.3149165
1.3411188
1.3376585
1.3139278
1.2798401
1.2429261
8.690793
8.0199795
7.1784616
6.1388135
4.931636
3.6716442
2.5248249
1.6114826
1.0294203
0.7679284
0.7097753
0.7583529
0.8566158
0.9707964
1.0794647
1.1690358
1.2328842
1.27079
1.2871133
1.288065
1.2792667
8.458594
7.7365856
6.8513613
5.7874584
4.5894823
3.38572
2.332035
1.5176955
0.9967881
0.7367734
0.64969516
0.6658921
0.74108785
0.84563977
0.9585459
1.0652627
1.1566477
1.228151
1.2790087
1.3111409
1.3277696
8.107216
7.3381276
6.419697
5.35437
4.2071204
3.1057992
2.1646073
1.4381837
0.9636387
0.71335506
0.6185645
0.6213785
0.68352103
0.7795972
0.8918191
1.0071831
1.1159023
1.2108102
1.2874534
1.344209
1.3818742
7.752047
6.9281025
5.9782534
4.9328856
3.8610935
2.8594708
2.00865
1.3611674
0.94231
0.7155485
0.6232302
0.61982393
0.6741925
0.764673
0.87539506
0.99418366
1.111268
1.218716
1.310581
1.3833373
1.4360067
7.412381
6.558403
5.6251626
4.6329
3.6265419
2.6944163
1.9200889
1.3477334
0.97477543
0.76159894
0.6668539
0.6569267
0.7054314
0.79184616
0.90019935
1.0181663
1.1361947
1.2467482
1.344028
1.42413
1.4852455
7.174452
6.3403144
5.432657
4.460767
3.4857326
2.6106758
1.9089148
1.3966258
1.0499613
0.8379438
0.7354938
0.71755624
0.76003873
0.84206367
0.9466503
1.0608423
1.1752275
1.2829949
1.3791718
1.4603252
1.5245751
7.1063166
6.2596083
5.3269663
4.344962
3.3954217
2.5750954
1.9334067
1.461719
1.1281587
0.9127625
0.8019761
0.776151
0.8125593
0.88989794
0.9902119
1.0998204
1.2092582
1.3123021
1.4048312
1.4841242
1.5486071
7.1062546
6.2040377
5.2321653
4.2460523
3.3285158
2.5570865
1.9587883
1.511567
1.1839749
0.9644799
0.84621644
0.81288636
0.84303993
0.91545904
1.0116293
1.1172166
1.2224939
1.3215063
1.410729
1.4880446
1.5522538
7.0753775
6.121052
5.1266837
4.1542387
3.275168
2.5442748
1.9742455
1.5400274
1.2136952
0.98882157
0.86229825
0.820256
0.84272397
0.9091448
1.0009245
1.1032039
1.2057666
1.3025385
1.3902214
1.467052
1.5320987
6.9966755
6.0110283
5.0175004
4.075177
3.2363043
2.5362175
1.9828407
1.5541452
1.2252648
0.9922912
0.8546814
0.8008953
0.812746
0.8708518
0.95702386
1.0560572
1.1570582
1.2534173
1.3416446
1.4200151
1.4876895
5.695545
5.208477
4.7514853
4.325327
3.9425128
3.6219883
3.3783436
3.2148912
3.1237574
3.0902886
3.0981448
3.1328263
3.1829953
3.240127
3.2973661
3.3482678
3.38579
3.4016905
3.3867264
3.3321123
3.2322752
5.948775
5.3983917
4.8949647
4.438006
4.031961
3.68998
3.4265885
3.2478385
3.1478827
3.1121683
3.1229427
3.163528
3.220076
3.2812955
3.3371902
3.3777814
3.3922603
3.3689888
3.2970717
3.1700869
2.9907553
6.2824163
5.6517577
5.0729876
4.5600963
4.119703
3.7578735
3.4823527
3.296792
3.1953142
3.1630392
3.1806827
3.2290626
3.2911773
3.3519797
3.3970947
3.4117398
3.3807652
3.2906709
3.134298
2.916852
2.658579
6.6845055
5.9841733
5.3206406
4.7276125
4.228027
3.8310943
3.5383618
3.346851
3.24694
3.2214386
3.248546
3.3057387
3.371707
3.4259996
3.4479115
3.4165587
3.3138433
3.1309323
2.8759015
2.5761096
2.270652
7.1298523
6.3840075
5.6475716
4.9660993
4.383007
3.9228337
3.5901241
3.3775902
3.2704434
3.2470796
3.281262
3.3453343
3.4115093
3.4511995
3.4350743
3.3370695
3.143622
2.8641863
2.5335348
2.2003877
1.9094714
7.600644
6.83265
6.04313
5.2779503
4.5948467
4.0390916
3.6296692
3.3638217
3.225538
3.1891675
3.222089
3.288011
3.3483086
3.3625598
3.2934456
3.1189995
2.8468604
2.5170088
2.1854563
1.8994681
1.6801554
8.083245
7.310095
6.484107
5.642378
4.8472786
4.1638336
3.634862
3.2740417
3.0721254
3.001999
3.022125
3.0817814
3.1262457
3.1041865
2.9825006
2.7632933
2.485602
2.2028787
1.9529958
1.7461009
1.5756788
8.561052
7.791405
6.936193
6.0187254
5.099328
4.260879
3.5766444
3.0862033
2.792892
2.669177
2.6612818
2.7005877
2.7205186
2.6753721
2.555765
2.3859973
2.19931
2.0142004
1.8343229
1.6622999
1.5056112
9.00832
8.241793
7.354542
6.355756
5.3034134
4.2986875
3.4470265
2.8136127
2.4117405
2.2142124
2.160079
2.175221
2.1996396
2.2013032
2.1707504
2.1062233
2.0070796
1.8783523
1.7332773
1.5881699
1.4560286
9.385984
8.614165
7.6870914
6.604032
5.4246283
4.2681355
3.2660608
2.498024
1.9828396
1.707703
1.6232996
1.65883
1.7454752
1.8285048
1.8738999
1.8695797
1.8199291
1.737762
1.6382693
1.5352433
1.4387197
9.64305
8.851531
7.877603
6.7172318
5.435346
4.1658792
3.0566738
2.192511
1.6074339
1.3132768
1.2493253
1.3159628
1.425848
1.5263112
1.5965911
1.6323842
1.6353163
1.610471
1.5658817
1.5106733
1.452664
9.724622
8.894118
7.868231
6.6475735
5.3059072
3.988799
2.8519626
1.9785979
1.4082052
1.1330017
1.0611389
1.0955044
1.174517
1.2662907
1.3540539
1.4275074
1.4804686
1.5107019
1.519608
1.5112344
1.4907414
9.591384
8.706542
7.634802
6.3881583
5.048359
3.7646043
2.6850884
1.8702676
1.3333433
1.0478606
0.93902695
0.93635374
0.9928823
1.0798585
1.1793001
1.2789437
1.3695085
1.4439614
1.4980028
1.5306311
1.5438536
9.279828
8.351711
7.256582
6.012328
4.7104034
3.5077524
2.5247037
1.7773664
1.2659256
0.9779719
0.85745156
0.842696
0.89055514
0.9750598
1.0803577
1.1950247
1.3089632
1.4127922
1.4988632
1.5626019
1.6031107
8.91212
7.9399557
6.81373
5.57777
4.348696
3.2604883
2.3734896
1.6862049
1.2131544
0.94554794
0.83090895
0.81486934
0.8602013
0.9440836
1.0519773
1.1730016
1.2973114
1.4154123
1.5189065
1.6017545
1.6611634
8.508754
7.4864445
6.362274
5.196075
4.0730743
3.0820348
2.2711978
1.647775
1.2198545
0.97197336
0.8611039
0.84363645
0.88727385
0.97013557
1.0773218
1.1978681
1.3225697
1.4429876
1.5515901
1.6425081
1.7122654
8.106418
7.099742
6.0394783
4.946787
3.8886528
2.9677525
2.2320242
1.6712395
1.277389
1.0383091
0.9252283
0.9038515
0.9445354
1.0248286
1.1286746
1.2446797
1.3642375
1.4801916
1.5863872
1.6778837
1.7513874
7.8465414
6.8833246
5.8496065
4.772133
3.7516694
2.8970304
2.229353
1.7156981
1.3419857
1.105059
0.98779875
0.96205306
0.9994961
1.0768012
1.1767035
1.287286
1.400365
1.5098823
1.6109736
1.6997585
1.7734874
7.7406306
6.7602987
5.7000523
4.621248
3.6393576
2.8448045
2.2289202
1.7450902
1.3817331
1.1444614
1.0233793
0.9938786
1.0284765
1.1032583
1.1999935
1.3062254
1.4139867
1.518033
1.614534
1.7005144
1.7737956
7.6634984
6.6337714
5.546659
4.477684
3.5383768
2.794919
2.2152972
1.7482021
1.3885468
1.1487883
1.0231985
0.9893586
1.0206413
1.0929749
1.1874243
1.2909245
1.3954456
1.496229
1.5901871
1.6750343
1.7490425
7.548624
6.481304
5.3860655
4.3416486
3.4473212
2.7458146
2.1903808
1.731041
1.3696787
1.1238352
0.9907513
0.94989526
0.97575426
1.0445433
1.136864
1.2389244
1.3422672
1.4422143
1.5360951
1.6220855
1.6987641
6.648895
6.078397
5.5167966
4.9801207
4.49729
4.097038
3.7962809
3.5965679
3.4875326
3.4529524
3.4757576
3.5406094
3.6342895
3.7448595
3.8605258
3.9687905
4.056159
4.1082387
4.110389
4.049886
3.9202166
6.791925
6.166688
5.5744414
5.0224605
4.5293946
4.119546
3.8106656
3.6065521
3.498034
3.468572
3.4998767
3.5750337
3.678973
3.7972872
3.9146342
4.0137796
4.0757227
4.081082
4.013207
3.863705
3.6380708
6.988712
6.2793016
5.6266904
5.0433836
4.5397177
4.1290526
3.8232713
3.625135
3.5259087
3.5088093
3.5542276
3.6431675
3.7577837
3.8798254
3.9886348
4.0603714
4.069694
3.9945855
3.8240829
3.5654452
3.2441392
7.2458973
6.448642
5.7144923
5.074299
4.5425787
4.124752
3.823043
3.6346846
3.548937
3.5480227
3.610761
3.7154582
3.8400872
3.9602315
4.0469875
4.0678425
3.9929378
3.8063166
3.5162344
3.1554139
2.769666
7.55384
6.686898
5.870358
5.154228
4.568157
4.119908
3.8058443
3.6169353
3.5384862
3.5502322
3.6284451
3.7474108
3.8783932
3.9870455
4.032922
3.975908
3.7910569
3.4843874
3.0960088
2.685565
2.311251
7.904077
6.9933834
6.107956
5.3079824
4.6407857
4.1269274
3.7666516
3.550013
3.4599037
3.4727345
3.5599978
3.6883774
3.8174024
3.89813
3.8791752
3.7241192
3.433407
3.0521805
2.6514935
2.294728
2.01312
8.289359
7.3575068
6.419096
5.532942
4.759824
4.1403465
3.6907172
3.4095602
3.281734
3.2797582
3.3659031
3.492595
3.6018622
3.63146
3.5343106
3.3044927
2.9862459
2.6483417
2.3425167
2.084421
1.8672775
8.698308
7.758264
6.775331
5.7991123
4.899265
4.140899
3.5660038
3.189273
2.9999173
2.9641964
3.0293245
3.12902
3.1935
3.1697307
3.0447369
2.8480499
2.623053
2.3959472
2.1737456
1.9605117
1.7647924
9.109702
8.163465
7.135116
6.0640287
5.0282216
4.118832
3.4054928
2.9175327
2.645308
2.5473762
2.5591226
2.6102204
2.6460419
2.640835
2.5917828
2.501717
2.3723817
2.2109485
2.0327241
1.8550832
1.6914151
9.488826
8.530066
7.4518137
6.2877355
5.125846
4.079548
3.2377465
2.6343808
2.2587306
2.075355
2.0323436
2.0736492
2.1477654
2.2112844
2.2344398
2.2064016
2.1328554
2.0274916
1.9050332
1.7783418
1.6574531
9.787594
8.805262
7.674522
6.429304
5.167687
4.0172157
3.0740647
2.370969
1.9081599
1.6752894
1.6262616
1.6846287
1.775908
1.8533878
1.9000837
1.9148934
1.9010264
1.8625721
1.8049685
1.7351774
1.6605885
9.948409
8.927711
7.742935
6.435073
5.1139216
3.9136949
2.9260836
2.1810462
1.6926023
1.4511199
1.3859087
1.4116234
1.4717025
1.5400435
1.6059399
1.6631343
1.7062888
1.7311952
1.7359751
1.7218596
1.6928357
9.915025
8.843576
7.613667
6.281685
4.964067
3.7805269
2.8052688
2.0685165
1.5830574
1.322935
1.2185302
1.2053674
1.2430665
1.3094523
1.3917545
1.4805409
1.566799
1.6417133
1.6980864
1.7320429
1.743785
9.6856365
8.582384
7.34389
6.028607
4.7441125
3.6027286
2.6751757
1.9745586
1.4979081
1.2252231
1.1038209
1.0781662
1.1102059
1.1786234
1.2712698
1.3787435
1.4912137
1.5981395
1.6897594
1.7590503
1.8030778
9.3643675
8.243669
6.99534
5.691843
4.462694
3.4107914
2.5578775
1.8959647
1.4390031
1.1778387
1.0613967
1.0368679
1.0696294
1.1403869
1.2377554
1.3527166
1.475894
1.597163
1.7067181
1.7966474
1.8622652
8.977969
7.819375
6.5721483
5.338377
4.22657
3.2739048
2.4811022
1.8641114
1.4430976
1.201222
1.0909356
1.0674103
1.1002496
1.1709208
1.2677095
1.3816576
1.5042303
1.6266527
1.7404065
1.838219
1.9150356
8.531119
7.3793483
6.2062125
5.083373
4.0652885
3.1803548
2.44895
1.8874516
1.501303
1.2713802
1.1614637
1.1357226
1.1664512
1.234556
1.3273287
1.4356369
1.5517436
1.6682984
1.7783397
1.8758073
1.9561394
8.157508
7.071953
5.973707
4.9058523
3.9380212
3.114076
2.4454708
1.9319342
1.5692452
1.3439536
1.2315315
1.2027417
1.2310116
1.2961179
1.3842282
1.4859859
1.5943339
1.7031441
1.8068212
1.9004983
1.9803822
7.9536123
6.900612
5.8089733
4.755688
3.8289313
3.060763
2.4427474
1.9615431
1.6113809
1.3868777
1.2719343
1.2410923
1.2679689
1.3311527
1.4157735
1.5122554
1.614123
1.716272
1.8142259
1.9040954
1.982791
7.8469424
6.7651954
5.6559134
4.6154575
3.727424
3.005736
2.423716
1.9607056
1.6148915
1.38863
1.2710814
1.2387066
1.264976
1.3274301
1.4102161
1.5034504
1.6010818
1.6988562
1.7932205
1.881061
1.959822
7.7344885
6.6185045
5.500395
4.478627
3.6287034
2.9459126
2.3879585
1.9323798
1.5842974
1.3528394
1.2306477
1.1953797
1.2204336
1.2824998
1.3647101
1.4566377
1.5523767
1.6482956
1.7415904
1.8297632
1.9106439
7.3831306
6.7204866
6.067863
5.455456
4.918175
4.4821897
4.158296
3.9431832
3.8249419
3.7886274
3.8196838
3.9050448
4.032652
4.190136
4.3631673
4.5341554
4.6821775
4.7843866
4.8184423
4.766407
4.620919
7.393219
6.6968884
6.0337605
5.4208546
4.884823
4.450274
4.1296268
3.921073
3.8129396
3.7895508
3.8352327
3.9356608
4.077222
4.2452316
4.4216638
4.5834413
4.7027245
4.7501044
4.7010036
4.5445833
4.2904825
7.409561
6.6474
5.953081
5.3354335
4.8078413
4.386003
4.079608
3.8872924
3.7979646
3.7955232
3.8629868
3.9841204
4.142608
4.319686
4.491152
4.625652
4.6869426
4.642334
4.4757547
4.1972623
3.8385918
7.466337
6.62047
5.870204
5.2294397
4.703154
4.295186
4.0073695
3.8356118
3.7686548
3.7902477
3.8822298
4.025943
4.2009873
4.381894
4.53456
4.616408
4.5851827
4.416331
4.1175528
3.7258708
3.290662
7.58405
6.6587796
5.8381805
5.1511817
4.6046357
4.195071
3.9159973
3.758263
3.7088509
3.75095
3.8650205
4.028889
4.2153845
4.3880396
4.498989
4.496224
4.3433957
4.041004
3.6299102
3.1748683
2.7432513
7.770934
6.785386
5.893298
5.139624
4.542156
4.099427
3.8023715
3.6385503
3.5926564
3.6461878
3.776457
3.954406
4.140791
4.283167
4.321187
4.206641
3.9305713
3.535666
3.0995483
2.6975913
2.3705018
8.023122
6.9989066
6.0412827
5.2049966
4.523532
4.0080366
3.6563778
3.4580112
3.3961785
3.4484687
3.5845084
3.762003
3.9240985
4.004297
3.946477
3.7352443
3.4115589
3.0501833
2.7128453
2.4217896
2.1723588
8.326291
7.2776837
6.259282
5.328828
4.537113
3.9160244
3.478184
3.2189755
3.12028
3.1520805
3.2700012
3.4143302
3.5173013
3.523152
3.414034
3.2172942
2.9792485
2.7317758
2.486575
2.249794
2.0302114
8.657069
7.588111
6.5099134
5.4810805
4.56989
3.830796
3.2915545
2.951983
2.790756
2.7682614
2.8281722
2.908817
2.9617822
2.9642031
2.9140456
2.8153894
2.6727753
2.496293
2.3025112
2.1083663
1.9265003
8.983553
7.8909054
6.753678
5.6334376
4.6139426
3.7658162
3.1237304
2.6866806
2.4327233
2.3257537
2.320551
2.3731813
2.4447415
2.5000494
2.5127037
2.473285
2.3888485
2.2737162
2.1415834
2.0035055
1.8685911
9.265667
8.1423025
6.948914
5.752985
4.648611
3.7112014
2.974487
2.4397109
2.098462
1.93376
1.9079032
1.9643571
2.0446308
2.1086757
2.1415188
2.144079
2.1213083
2.076929
2.014098
1.9373697
1.8531191
9.45501
8.290502
7.0427456
5.7896514
4.6327124
3.6437192
2.850349
2.257621
1.872868
1.684809
1.6383674
1.6639405
1.7135359
1.7665708
1.8171414
1.8625053
1.8985485
1.9200542
1.9228867
1.9060143
1.8721414
9.495475
8.281208
6.991662
5.722523
4.569938
3.5759387
2.7562077
2.1367636
1.7381963
1.5311645
1.4488524
1.4359704
1.4622664
1.5134828
1.581801
1.6602416
1.7404537
1.8130413
1.8693932
1.9038475
1.9150794
9.363893
8.128624
6.847479
5.6085505
4.4723625
3.4702926
2.6508198
2.0465012
1.6512
1.4276878
1.3243394
1.2970413
1.3180333
1.3727417
1.4527564
1.5504597
1.6567274
1.7610551
1.8530648
1.9245111
1.9709504
9.1409445
7.9148016
6.647673
5.4206495
4.303027
3.3460338
2.5767808
1.997534
1.6087054
1.3874407
1.285316
1.2584091
1.2802352
1.337331
1.421758
1.5262235
1.6421542
1.7597381
1.8689911
1.9612362
2.0305152
8.83899
7.599791
6.343689
5.1739674
4.152203
3.2761254
2.548923
1.996994
1.6319053
1.4249518
1.3277689
1.3013211
1.3223239
1.3780993
1.4606357
1.5628277
1.6769321
1.7944622
1.9068272
2.0062406
2.0866787
8.439889
7.2125883
6.0317454
4.9830904
4.0579762
3.2350338
2.5516229
2.0435586
1.7078706
1.5115119
1.4145441
1.3853849
1.4031566
1.4548951
1.5319656
1.6272861
1.7338758
1.8445328
1.9521393
2.0502012
2.1334183
8.052194
6.893898
5.81895
4.854033
3.9775448
3.201007
2.5712597
2.1072068
1.793245
1.6009666
1.5013372
1.4687792
1.4832486
1.5307355
1.6018044
1.6894156
1.7873089
1.8893698
1.989705
2.0829823
2.164796
7.795929
6.707661
5.6794057
4.7427874
3.898477
3.1678915
2.5859709
2.153912
1.851735
1.6595523
1.5572927
1.5228169
1.5356594
1.5804133
1.646859
1.7280836
1.8185613
1.9131494
2.0069404
2.0955105
2.175199
7.669694
6.587144
5.560385
4.6363106
3.8184226
3.126262
2.5793476
2.1657765
1.8673997
1.6731524
1.5689807
1.5341835
1.5472271
1.5911943
1.6550571
1.7320226
1.8172911
1.9066383
1.996013
2.0816972
2.1605756
7.578249
6.475049
5.4441876
4.5293307
3.734469
3.0734289
2.5492363
2.1428154
1.8419144
1.6432257
1.5365214
1.5015616
1.515601
1.5601733
1.6232953
1.6981261
1.7804817
1.8669854
1.9543654
2.0394914
2.1196337
7.9015837
7.1693335
6.4639707
5.8207893
5.271355
4.8334184
4.5095186
4.292126
4.1699047
4.1315002
4.16642
4.26449
4.415163
4.606678
4.824422
5.048638
5.2530503
5.4063435
5.47684
5.439904
5.2874007
7.766635
7.024333
6.322911
5.6871347
5.1453624
4.7167125
4.4055085
4.2045846
4.101938
4.0852904
4.1432037
4.264287
4.4361176
4.644088
4.8693614
5.0860558
5.2598743
5.351634
5.3275347
5.1736426
4.904505
7.5910683
6.8164682
6.1126294
5.49052
4.967759
4.559454
4.2702284
4.093807
4.0180917
4.0299535
4.1167293
4.2653103
4.460614
4.683773
4.9092145
5.101356
5.215374
5.207955
5.0569296
4.7748303
4.4000225
7.4367666
6.6066914
5.882331
5.2668953
4.7651415
4.382462
4.119784
3.9707668
3.92366
3.9648418
4.0804033
4.2551804
4.47054
4.701206
4.911023
5.051211
5.0694394
4.932459
4.6460037
4.249833
3.7949214
7.3550396
6.457701
5.6922293
5.0639057
4.569522
4.204226
3.9622662
3.8353117
3.811706
3.8775923
4.0176525
4.2136483
4.4408894
4.6633315
4.8301883
4.8823776
4.7747726
4.5014873
4.1002593
3.635165
3.1770694
7.370604
6.4084144
5.5863037
4.9193335
4.4046617
4.0326643
3.7922797
3.672435
3.6609786
3.7433949
3.9016244
4.111137
4.3357964
4.523702
4.611662
4.545384
4.308056
3.9351277
3.5012145
3.0852427
2.7347963
7.4802523
6.464149
5.5770617
4.8465433
4.278444
3.866744
3.6000452
3.465885
3.4511278
3.5387523
3.704089
3.9103684
4.104843
4.22253
4.205245
4.031553
3.7346294
3.3845701
3.0446517
2.742575
2.4785006
7.662477
6.6031384
5.648136
4.836799
4.1891026
3.7091212
3.3896582
3.218888
3.1819136
3.2552586
3.4017026
3.5690796
3.6960258
3.7295363
3.6490302
3.4752715
3.2497928
3.0055392
2.7585657
2.517693
2.2916794
7.8877096
6.79088
5.769371
4.8730574
4.136615
3.5746317
3.1846092
2.9557102
2.8695135
2.893014
2.9790468
3.0769498
3.1461523
3.1646976
3.1271224
3.035764
2.896981
2.7231743
2.5312977
2.3371952
2.1522713
8.123984
6.9910965
5.909298
4.937759
4.1207156
3.476641
3.0041144
2.693207
2.525695
2.470898
2.492286
2.5561435
2.6315079
2.6881166
2.7018626
2.6638057
2.5811894
2.4685204
2.338801
2.2015018
2.0643373
8.338874
7.168822
6.035942
5.0058513
4.1221642
3.3993082
2.839319
2.4421487
2.200316
2.0924807
2.0870705
2.1450255
2.2227662
2.2849233
2.3156555
2.315861
2.2919188
2.248157
2.1866593
2.110191
2.023899
8.498237
7.286583
6.10907
5.034777
4.1013474
3.3223066
2.7063706
2.256138
1.9693154
1.8318763
1.8054717
1.8377227
1.88788
1.9374017
1.9822567
2.0220468
2.054284
2.0740323
2.0763612
2.0590265
2.02378
8.560054
7.30439
6.0988073
5.015675
4.0759263
3.2739353
2.615063
2.1239479
1.8185508
1.6686935
1.6147646
1.6114895
1.6370015
1.6824589
1.7431785
1.81407
1.8879812
1.9561572
2.0100355
2.043453
2.054281
8.503609
7.2448053
6.0668726
5.009208
4.0536776
3.2065554
2.5233338
2.0412412
1.7428927
1.5786427
1.5018845
1.4813031
1.499172
1.5463866
1.6171373
1.7052583
1.8028148
1.9003478
1.9881188
2.057873
2.1045291
8.401191
7.1774945
6.0225816
4.9521184
3.9724941
3.138912
2.4937723
2.0315208
1.7320964
1.562695
1.4822645
1.4587858
1.4747432
1.5218498
1.5947504
1.6875646
1.7928578
1.9018933
2.005487
2.095194
2.1646311
8.233403
7.0172243
5.87036
4.82699
3.9119983
3.1418662
2.5251758
2.0751894
1.7874293
1.6259574
1.5472652
1.5215528
1.5338188
1.5768974
1.6457125
1.7346237
1.8368492
1.9447567
2.0504367
2.146392
2.226357
7.946637
6.751539
5.672118
4.734915
3.9028995
3.1696317
2.5788202
2.158069
1.8911924
1.7369547
1.6568416
1.6264863
1.6331356
1.6698751
1.7314371
1.8122829
1.9062093
2.006592
2.1067824
2.200513
2.282348
7.6189
6.497605
5.5363016
4.6851444
3.890142
3.188317
2.6385152
2.2526171
2.0024536
1.8503797
1.7665747
1.7314322
1.7329279
1.7635138
1.8175267
1.8896084
1.9741644
2.0654292
2.157754
2.245919
2.3254032
7.370636
6.349215
5.458278
4.6323233
3.858239
3.1939561
2.6857028
2.326979
2.085604
1.9322611
1.8451586
1.807281
1.8058711
1.8321935
1.8801776
1.9448181
2.0212405
2.1044853
2.1897032
2.272448
2.3489196
7.252762
6.2727346
5.391836
4.568519
3.8117585
3.1809852
2.7046468
2.3620012
2.1227534
1.966737
1.8778807
1.8398122
1.8381428
1.8626605
1.9068716
1.9662206
2.03665
2.1140277
2.1942146
2.2733607
2.3481688
7.1978483
6.213107
5.323834
4.4963355
3.7526405
3.148019
2.6921566
2.3555043
2.1133525
1.9535977
1.8637407
1.8269715
1.8269166
1.8517104
1.894303
1.9505357
2.0171814
2.090957
2.1684077
2.246192
2.321369
8.226378
7.45564
6.73231
6.091469
5.557463
5.1380877
4.828133
4.6174765
4.497351
4.461566
4.504245
4.617447
4.790583
5.010943
5.2634077
5.5280805
5.776984
5.973375
6.0769386
6.0555196
5.8998737
7.9511747
7.1860414
6.472827
5.842305
5.3202457
4.916914
4.6278677
4.4421434
4.349697
4.343466
4.4169335
4.561031
4.7629766
5.0066905
5.2723722
5.533498
5.7529416
5.884433
5.885521
5.738772
5.463341
7.617404
6.850662
6.1534834
5.544913
5.0459867
4.667555
4.406452
4.2515025
4.191477
4.21812
4.3238926
4.4983563
4.726465
4.988407
5.258026
5.4983687
5.659609
5.6899943
5.5612864
5.287126
4.9110866
7.295869
6.5091963
5.8208327
5.23673
4.7669716
4.41825
4.1876135
4.0642123
4.0359755
4.093334
4.2274613
4.426374
4.672459
4.9407625
5.195164
5.3846283
5.450772
5.3533015
5.0942955
4.7133584
4.262028
7.0489388
6.223029
5.525381
4.953908
4.5068665
4.1830316
3.977493
3.8797128
3.8772435
3.959337
4.115593
4.331588
4.5848093
4.840651
5.04888
5.148728
5.0906167
4.862489
4.4957867
4.05013
3.5950897
6.909855
6.032757
5.30467
4.7227507
4.278188
3.962346
3.7671983
3.6822438
3.6950705
3.7938225
3.96548
4.1900573
4.4345083
4.649469
4.7740593
4.754273
4.5688825
4.244257
3.8452873
3.4455547
3.0941532
6.8786764
5.9476576
5.171969
4.5540347
4.0847416
3.7520807
3.5459914
3.4563103
3.4708376
3.5756009
3.7515168
3.9672089
4.174513
4.313552
4.330641
4.203632
3.9568014
3.6474082
3.3314762
3.0392504
2.7773607
6.9323006
5.950429
5.1180425
4.445729
3.9285936
3.5553226
3.3163939
3.2029607
3.2020047
3.2936451
3.447322
3.6186998
3.754787
3.8098352
3.7641068
3.629942
3.4379168
3.2172291
2.9871235
2.7593677
2.54271
7.038235
6.0107384
5.1220775
4.3902493
3.8142927
3.3851056
3.095775
2.9384067
2.8957558
2.9390538
3.0315502
3.1351628
3.2175298
3.256575
3.241471
3.170704
3.0505402
2.8942626
2.7185926
2.5383658
2.3638916
7.1642623
6.097066
5.1607995
4.376451
3.742063
3.2494047
2.8940058
2.668126
2.5540895
2.527842
2.564217
2.6373549
2.7200763
2.7853928
2.810768
2.7858188
2.7159755
2.61545
2.497437
2.3708107
2.2420394
7.283456
6.18247
5.21043
4.3830576
3.6909573
3.1278532
2.697914
2.4032447
2.2331686
2.1648004
2.173482
2.234969
2.318032
2.3893878
2.4293306
2.4364474
2.417982
2.3798506
2.324586
2.254223
2.1728451
7.375314
6.2437744
5.2412596
4.372085
3.6260877
3.0120208
2.5421004
2.2102003
2.0002508
1.9004356
1.8915846
1.9367905
1.9985845
2.0563045
2.104935
2.145338
2.177029
2.1965423
2.1995122
2.183551
2.1499505
7.4176273
6.258665
5.2363677
4.350126
3.5899544
2.9543839
2.442841
2.0675476
1.8414342
1.740838
1.7167375
1.7313483
1.7667925
1.8161256
1.8760014
1.9428761
2.0113118
2.0741177
2.1238596
2.1549006
2.1650808
7.40777
6.266302
5.271272
4.389907
3.594374
2.9009926
2.3583672
1.9962646
1.7876865
1.6791397
1.6318691
1.6253049
1.6485329
1.6953787
1.7613916
1.8416909
1.9299382
2.0183806
2.0987222
2.1635842
2.208078
7.423028
6.325585
5.333523
4.4093003
3.5670514
2.8750415
2.3697991
2.0298252
1.8176467
1.6983589
1.6418076
1.6272643
1.6439303
1.6865852
1.7513325
1.8334986
1.9270866
2.0249257
2.119226
2.2024808
2.2686265
7.4041314
6.3122396
5.306478
4.3804874
3.5822136
2.944411
2.460195
2.121458
1.9108726
1.7932286
1.734186
1.7134266
1.7224591
1.7576799
1.8157935
1.8923297
1.9816799
2.077476
2.1729698
2.2615132
2.3372242
7.2607684
6.1894417
5.230261
4.388016
3.6586816
3.0437033
2.5686681
2.2447371
2.046706
1.932659
1.8697664
1.8415006
1.8418329
1.8680811
1.917113
1.9845173
2.0650055
2.152905
2.2424738
2.3281486
2.4048662
7.0428324
6.046418
5.1953735
4.4286904
3.724125
3.1247466
2.6751292
2.3749237
2.1882
2.0742476
2.006039
1.9707611
1.9634404
1.9813626
2.0213177
2.0790648
2.149719
2.228218
2.3095982
2.3891854
2.4627762
6.8610735
5.9768076
5.1950817
4.4461455
3.7538593
3.181338
2.7627187
2.4824028
2.3010104
2.184387
2.1117022
2.0720243
2.0598166
2.0716302
2.1041603
2.1535661
2.2155545
2.2856765
2.3595865
2.4332535
2.5031164
6.791019
5.9619446
5.184748
4.4327354
3.7537644
3.208625
2.8155065
2.5468552
2.3654785
2.245483
2.170645
2.129973
2.116228
2.1248221
2.1523726
2.1956232
2.2510383
2.3148525
2.3832922
2.4528174
2.5203075
6.787799
5.954311
5.159058
4.3980875
3.72895
3.2055342
2.8289614
2.563903
2.378825
2.2555377
2.1805487
2.1415703
2.1290812
2.1371017
2.1621077
2.201475
2.2525134
2.3122137
2.3773797
2.444901
2.5119863
8.385782
7.601372
6.8857245
6.269866
5.768606
5.3797946
5.092036
4.894638
4.78296
4.756749
4.8147163
4.950334
5.151376
5.402116
5.6852674
5.980913
6.2620482
6.490424
6.619772
6.6110783
6.4539456
7.9971437
7.2241735
6.5195017
5.91564
5.4305863
5.0637937
4.803317
4.6367283
4.557778
4.5654216
4.65798
4.8279705
5.0610843
5.33843
5.6384463
5.9347153
6.1899085
6.353901
6.3777046
6.2408586
5.9659905
7.5607576
6.804099
6.1213684
5.5401583
5.079633
4.7412143
4.51297
4.3807697
4.3363504
4.377265
4.5009274
4.698833
4.955157
5.2486095
5.5526776
5.830678
6.0308423
6.096263
5.994032
5.7371044
5.3709955
7.1353436
6.3870134
5.7286816
5.176283
4.7449665
4.4370766
4.241321
4.1423106
4.1296415
4.1990657
4.3467336
4.5630717
4.8308287
5.125253
5.4111943
5.6381226
5.745961
5.690597
5.469421
5.1180725
4.68698
6.7763324
6.019577
5.375822
4.8477974
4.442007
4.1594625
3.9897976
3.9170527
3.9290571
4.019819
4.1840544
4.4103713
4.6776385
4.9526505
5.1875505
5.3242264
5.313446
5.138394
4.8221464
4.417388
3.9892788
6.517783
5.735708
5.0883965
4.569174
4.175239
3.9046369
3.7478037
3.6890538
3.7153335
3.8193417
3.9935184
4.2213416
4.47178
4.698589
4.84655
4.866972
4.737885
4.476798
4.1352563
3.7751126
3.4416676
6.3647113
5.5463977
4.8771396
4.346097
3.9439714
3.6661932
3.5042706
3.4438262
3.4719033
3.5792885
3.7526054
3.9643006
4.170148
4.3175592
4.361944
4.28465
4.10114
3.8510106
3.5773914
3.3106766
3.0643144
6.298826
5.440906
4.737887
4.17777
3.7481403
3.443916
3.258752
3.180247
3.19465
3.2869556
3.433025
3.5952547
3.7299945
3.801831
3.7940915
3.709391
3.5636692
3.3795824
3.1787808
2.9761086
2.7803469
6.2908397
5.396199
4.6567755
4.058941
3.589391
3.2449934
3.021843
2.9074082
2.883042
2.926322
3.0119307
3.1141288
3.2079947
3.2703593
3.2842782
3.2432601
3.1517377
3.022589
2.8721566
2.7148232
2.560309
6.3114343
5.386885
4.615366
3.9789612
3.4645572
3.0712874
2.7949116
2.6209917
2.5326583
2.5173004
2.5613964
2.642906
2.7355735
2.8154292
2.8608367
2.8579268
2.8085303
2.726265
2.625525
2.5158622
2.403107
6.3391485
5.392312
4.5933833
3.9174147
3.3522031
2.9001498
2.5629718
2.3374941
2.2131002
2.169641
2.1880298
2.2554524
2.3505642
2.4400673
2.4981773
2.519377
2.5111945
2.4818847
2.4358172
2.3754508
2.3042216
6.3643055
5.397541
4.5658197
3.8421497
3.227725
2.739898
2.3831627
2.1383517
1.9811919
1.9068604
1.9141517
1.9778936
2.060159
2.1351933
2.195061
2.2410824
2.2749853
2.2956088
2.3001697
2.2870007
2.2574086
6.3788767
5.3887463
4.527087
3.782699
3.1634014
2.6659722
2.27472
1.9892423
1.822009
1.760906
1.7670501
1.805985
1.8596672
1.9204227
1.98506
2.0513518
2.1158469
2.173429
2.2184079
2.2463503
2.2556653
6.3936872
5.4194345
4.5731864
3.8264158
3.170204
2.6153402
2.1954694
1.932763
1.7969526
1.736443
1.7195295
1.7326534
1.768234
1.8208702
1.8865782
1.9616277
2.0414522
2.1202788
2.1916378
2.2495484
2.2899365
6.492355
5.545281
4.679811
3.8782036
3.1707253
2.6168902
2.241406
2.0090046
1.8707994
1.7950312
1.7628237
1.7621262
1.7857965
1.8295933
1.890185
1.963968
2.0465202
2.1324399
2.2155988
2.2898257
2.3499205
6.58829
5.6282463
4.7303076
3.9116864
3.2391226
2.738973
2.3841476
2.1468365
2.0024607
1.9224248
1.8831121
1.8718005
1.8836519
1.9164854
1.9678316
2.0342317
2.111405
2.194443
2.2779927
2.356566
2.425092
6.580429
5.626512
4.752395
4.0011177
3.3886752
2.9020677
2.5435934
2.309415
2.1707647
2.0909042
2.0448925
2.0227633
2.0225842
2.0437558
2.084235
2.1405232
2.2083933
2.2833421
2.3607633
2.4360597
2.5048876
6.493039
5.5977416
4.8157153
4.1305285
3.530843
3.0439262
2.6958618
2.4756045
2.343974
2.2622952
2.208797
2.1767848
2.166076
2.176665
2.2066226
2.2524939
2.310219
2.375667
2.4448025
2.5137568
2.5789306
6.4093328
5.6176243
4.899703
4.2264037
3.6282966
3.154615
2.8257024
2.6184351
2.4894285
2.4036846
2.3438098
2.3048878
2.2867908
2.2892926
2.3105147
2.3472981
2.395978
2.452847
2.5143316
2.5770783
2.638034
6.406002
5.666986
4.951989
4.274064
3.683544
3.2281663
2.9166288
2.7164183
2.5856237
2.4955564
2.4322195
2.3904784
2.3689063
2.3665636
2.3816736
2.4116058
2.4532976
2.5035741
2.5593107
2.6175494
2.6756098
6.4522033
5.7035627
4.9704103
4.2848496
3.7014332
3.2620382
2.9618602
2.7623694
2.626967
2.5335443
2.4698493
2.429038
2.4075809
2.4035459
2.4152663
2.4407673
2.4777231
2.5235827
2.5757015
2.6314895
2.6885529
8.423949
7.646913
6.958919
6.383384
5.9246874
5.571958
5.309878
5.129193
5.030336
5.0189376
5.0976887
5.2606735
5.493174
5.775462
6.0870085
6.4073095
6.711203
6.961446
7.108657
7.1089735
6.951635
7.955947
7.189167
6.5115385
5.950158
5.5117955
5.1858077
4.955267
4.808577
4.744313
4.7672715
4.8797975
5.075203
5.3371925
5.6439047
5.9719114
6.29506
6.5769086
6.765825
6.8091307
6.6847463
6.4171133
7.4640036
6.7167635
6.0587163
5.518765
5.106343
4.8113904
4.615402
4.5041
4.473618
4.527198
4.6662745
4.8834224
5.1617393
5.4785986
5.807354
6.112192
6.3414893
6.436884
6.363403
6.13165
5.784811
6.987894
6.2625494
5.630037
5.115833
4.7310123
4.4667845
4.303606
4.224599
4.2231865
4.3006873
4.4573717
4.685214
4.966901
5.2776594
5.583267
5.8351183
5.975416
5.9603767
5.7828274
5.4710655
5.072166
6.5685186
5.8577204
5.2485867
4.757828
4.3959575
4.155914
4.017992
3.9632554
3.9827633
4.0761633
4.2426395
4.4728293
4.746096
5.0299034
5.279147
5.441191
5.471264
5.350133
5.092258
4.741892
4.3572636
6.235587
5.525958
4.929446
4.4521675
4.1020474
3.8736691
3.7480643
3.7053812
3.735473
3.8369777
4.0070887
4.231286
4.4793506
4.707994
4.869153
4.9222593
4.8476253
4.655492
4.3826637
4.0757427
3.7731187
5.9976044
5.276375
4.677868
4.1992545
3.845424
3.6124465
3.4830532
3.438129
3.4675894
3.5683353
3.7314458
3.931517
4.127871
4.2762957
4.3431954
4.315261
4.1993437
4.0155807
3.792452
3.5596797
3.3372052
5.8429255
5.1023316
4.489173
3.9946294
3.6218033
3.368541
3.220094
3.158943
3.1739414
3.255874
3.3857114
3.5319507
3.6611297
3.7488637
3.7809484
3.749098
3.6539755
3.5114083
3.3451405
3.1731417
3.0044541
5.7485194
4.9861526
4.3505745
3.83
3.4277856
3.1435642
2.964092
2.8706465
2.8466823
2.8778114
2.9502075
3.0495822
3.1561975
3.2439587
3.2898705
3.2826636
3.2241263
3.1259549
3.0042014
2.873458
2.7435055
5.6898355
4.9061494
4.2445006
3.6932304
3.25684
2.9340158
2.7087836
2.5605938
2.479049
2.4655354
2.515423
2.6061828
2.7110202
2.8092244
2.8794866
2.9033105
2.8780382
2.8164878
2.7349155
2.644658
2.5517156
5.6492615
4.844105
4.153071
3.5665329
3.0882907
2.7157605
2.4403245
2.2571697
2.1606681
2.1337855
2.1603844
2.2362826
2.347952
2.4608357
2.5421944
2.581529
2.5861542
2.567
2.531211
2.4826283
2.4245448
5.620851
4.788326
4.057615
3.4265976
2.9096072
2.5169964
2.2417703
2.0560482
1.9333732
1.8768733
1.8998165
1.9853399
2.0929334
2.1903782
2.2658684
2.3206396
2.3586037
2.3813136
2.3881724
2.3787768
2.3547995
5.59935
4.7310796
3.9679806
3.3275368
2.8205442
2.4301317
2.128198
1.9063767
1.7801405
1.7501059
1.7855672
1.8519704
1.9284014
2.0050085
2.0781133
2.1465611
2.2088814
2.2621493
2.3026552
2.327478
2.3359542
5.60418
4.745307
3.9998453
3.3611467
2.8212743
2.3788419
2.0546465
1.8658562
1.784841
1.7642777
1.7769533
1.812796
1.8650548
1.9277465
1.9967704
2.0693314
2.1425412
2.2125783
2.2748566
2.3250027
2.3601203
5.73225
4.8854513
4.11226
3.4194417
2.8326685
2.3962145
2.1267133
1.9796112
1.8996353
1.8600196
1.8515959
1.8680947
1.9034874
1.9529986
2.0132265
2.0814543
2.1547701
2.229512
2.301236
2.365258
2.4175491
5.886201
5.0115447
4.1991634
3.4850216
2.9316988
2.5550935
2.3121216
2.1581547
2.0659018
2.0165346
1.9966909
1.9986194
2.0184405
2.0537372
2.102212
2.1612973
2.2280548
2.2990599
2.3703818
2.4378037
2.4973059
5.973728
5.089188
4.2863817
3.6303513
3.134868
2.7694795
2.5152197
2.3557215
2.26366
2.2113976
2.182121
2.1700726
2.1747048
2.1957605
2.2316165
2.2796054
2.3366296
2.399417
2.4645414
2.5284672
2.5877454
5.9980593
5.153627
4.431742
3.8344648
3.3421702
2.9639282
2.708168
2.5551445
2.4670434
2.4112954
2.3721738
2.3471794
2.3383403
2.3465865
2.3705308
2.4074016
2.4540446
2.507345
2.5642595
2.6218128
2.6771598
6.0100136
5.2611275
4.600092
4.0066524
3.50335
3.124884
2.877918
2.7327578
2.6456003
2.5843854
2.5364301
2.501482
2.4824982
2.480651
2.4946294
2.5217655
2.5590847
2.603723
2.6529615
2.7042167
2.7550805
6.0751343
5.3809714
4.7234035
4.1206326
3.6158829
3.2452877
3.0079484
2.8663526
2.776205
2.7093153
2.65563
2.6151745
2.5903141
2.581882
2.5886703
2.6083636
2.6383939
2.6762729
2.7196224
2.7661722
2.8138082
6.166197
5.4666505
4.794919
4.184382
3.6817713
3.3200808
3.088735
2.9454825
2.849944
2.7788765
2.7233512
2.6819232
2.6553783
2.643912
2.646489
2.6613147
2.6863837
2.7196887
2.759238
2.803068
2.8493059
